1
2500
1
 5.082391e+02
 4.371006e+02
 3.875175e+02
 3.505588e+02
 3.217156e+02
 2.984404e+02
 2.791723e+02
 2.628811e+02
 2.488556e+02
 2.365988e+02
 2.257551e+02
 2.160634e+02
 2.073277e+02
 1.993970e+02
 1.921532e+02
 1.855017e+02
 1.793660e+02
 1.736833e+02
 1.684011e+02
 1.634756e+02
 1.588693e+02
 1.545503e+02
 1.504909e+02
 1.466672e+02
 1.430582e+02
 1.396455e+02
 1.364128e+02
 1.333456e+02
 1.304312e+02
 1.276579e+02
 1.250155e+02
 1.224945e+02
 1.200865e+02
 1.177840e+02
 1.155799e+02
 1.134679e+02
 1.114422e+02
 1.094975e+02
 1.076289e+02
 1.058320e+02
 1.041026e+02
 1.024369e+02
 1.008315e+02
 9.928292e+01
 9.778827e+01
 9.634472e+01
 9.494964e+01
 9.360060e+01
 9.229531e+01
 9.103166e+01
 8.980765e+01
 8.862143e+01
 8.747124e+01
 8.635545e+01
 8.527252e+01
 8.422100e+01
 8.319953e+01
 8.220682e+01
 8.124166e+01
 8.030291e+01
 7.938949e+01
 7.850038e+01
 7.763461e+01
 7.679126e+01
 7.596946e+01
 7.516840e+01
 7.438729e+01
 7.362539e+01
 7.288199e+01
 7.215643e+01
 7.144805e+01
 7.075626e+01
 7.008048e+01
 6.942014e+01
 6.877473e+01
 6.814374e+01
 6.752670e+01
 6.692313e+01
 6.633260e+01
 6.575470e+01
 6.518901e+01
 6.463516e+01
 6.409277e+01
 6.356149e+01
 6.304098e+01
 6.253091e+01
 6.203098e+01
 6.154089e+01
 6.106033e+01
 6.058905e+01
 6.012677e+01
 5.967323e+01
 5.922820e+01
 5.879143e+01
 5.836269e+01
 5.794176e+01
 5.752844e+01
 5.712252e+01
 5.672380e+01
 5.633209e+01
 5.594721e+01
 5.556898e+01
 5.519724e+01
 5.483181e+01
 5.447253e+01
 5.411926e+01
 5.377184e+01
 5.343014e+01
 5.309400e+01
 5.276330e+01
 5.243791e+01
 5.211770e+01
 5.180255e+01
 5.149233e+01
 5.118694e+01
 5.088627e+01
 5.059020e+01
 5.029863e+01
 5.001147e+01
 4.972861e+01
 4.944995e+01
 4.917541e+01
 4.890490e+01
 4.863833e+01
 4.837560e+01
 4.811666e+01
 4.786140e+01
 4.760976e+01
 4.736165e+01
 4.711702e+01
 4.687577e+01
 4.663786e+01
 4.640320e+01
 4.617173e+01
 4.594340e+01
 4.571813e+01
 4.549586e+01
 4.527655e+01
 4.506012e+01
 4.484653e+01
 4.463572e+01
 4.442763e+01
 4.422223e+01
 4.401944e+01
 4.381924e+01
 4.362156e+01
 4.342636e+01
 4.323360e+01
 4.304324e+01
 4.285522e+01
 4.266950e+01
 4.248606e+01
 4.230484e+01
 4.212580e+01
 4.194892e+01
 4.177414e+01
 4.160144e+01
 4.143077e+01
 4.126211e+01
 4.109542e+01
 4.093066e+01
 4.076781e+01
 4.060683e+01
 4.044769e+01
 4.029036e+01
 4.013481e+01
 3.998102e+01
 3.982894e+01
 3.967856e+01
 3.952985e+01
 3.938278e+01
 3.923733e+01
 3.909347e+01
 3.895117e+01
 3.881041e+01
 3.867117e+01
 3.853342e+01
 3.839715e+01
 3.826232e+01
 3.812892e+01
 3.799692e+01
 3.786631e+01
 3.773705e+01
 3.760915e+01
 3.748256e+01
 3.735728e+01
 3.723328e+01
 3.711055e+01
 3.698907e+01
 3.686881e+01
 3.674977e+01
 3.663192e+01
 3.651525e+01
 3.639974e+01
 3.628538e+01
 3.617214e+01
 3.606002e+01
 3.594899e+01
 3.583905e+01
 3.573018e+01
 3.562236e+01
 3.551557e+01
 3.540982e+01
 3.530507e+01
 3.520132e+01
 3.509856e+01
 3.499677e+01
 3.489593e+01
 3.479605e+01
 3.469709e+01
 3.459906e+01
 3.450194e+01
 3.440572e+01
 3.431038e+01
 3.421592e+01
 3.412232e+01
 3.402958e+01
 3.393768e+01
 3.384661e+01
 3.375636e+01
 3.366692e+01
 3.357829e+01
 3.349044e+01
 3.340338e+01
 3.331709e+01
 3.323157e+01
 3.314680e+01
 3.306277e+01
 3.297948e+01
 3.289691e+01
 3.281507e+01
 3.273393e+01
 3.265350e+01
 3.257376e+01
 3.249470e+01
 3.241632e+01
 3.233862e+01
 3.226157e+01
 3.218518e+01
 3.210943e+01
 3.203432e+01
 3.195985e+01
 3.188600e+01
 3.181277e+01
 3.174015e+01
 3.166814e+01
 3.159672e+01
 3.152589e+01
 3.145565e+01
 3.138598e+01
 5.082391e+02
 4.371006e+02
 3.875175e+02
 3.505570e+02
 3.216601e+02
 2.982066e+02
 2.786236e+02
 2.619183e+02
 2.474309e+02
 2.347023e+02
 2.234013e+02
 2.132803e+02
 2.041502e+02
 1.958625e+02
 1.882989e+02
 1.813635e+02
 1.749773e+02
 1.690749e+02
 1.636011e+02
 1.585092e+02
 1.537593e+02
 1.493169e+02
 1.451524e+02
 1.412398e+02
 1.375563e+02
 1.340820e+02
 1.307990e+02
 1.276918e+02
 1.247463e+02
 1.219499e+02
 1.192915e+02
 1.167608e+02
 1.143488e+02
 1.120471e+02
 1.098483e+02
 1.077455e+02
 1.057324e+02
 1.038034e+02
 1.019532e+02
 1.001770e+02
 9.847045e+01
 9.682945e+01
 9.525025e+01
 9.372938e+01
 9.226363e+01
 9.085003e+01
 8.948581e+01
 8.816839e+01
 8.689539e+01
 8.566457e+01
 8.447384e+01
 8.332127e+01
 8.220502e+01
 8.112338e+01
 8.007477e+01
 7.905766e+01
 7.807066e+01
 7.711243e+01
 7.618172e+01
 7.527735e+01
 7.439820e+01
 7.354323e+01
 7.271145e+01
 7.190191e+01
 7.111373e+01
 7.034607e+01
 6.959813e+01
 6.886915e+01
 6.815842e+01
 6.746525e+01
 6.678900e+01
 6.612905e+01
 6.548481e+01
 6.485572e+01
 6.424126e+01
 6.364091e+01
 6.305420e+01
 6.248065e+01
 6.191983e+01
 6.137132e+01
 6.083471e+01
 6.030962e+01
 5.979568e+01
 5.929254e+01
 5.879985e+01
 5.831730e+01
 5.784456e+01
 5.738136e+01
 5.692739e+01
 5.648238e+01
 5.604608e+01
 5.561822e+01
 5.519856e+01
 5.478687e+01
 5.438292e+01
 5.398650e+01
 5.359740e+01
 5.321541e+01
 5.284034e+01
 5.247201e+01
 5.211024e+01
 5.175485e+01
 5.140567e+01
 5.106254e+01
 5.072531e+01
 5.039383e+01
 5.006795e+01
 4.974753e+01
 4.943243e+01
 4.912253e+01
 4.881769e+01
 4.851779e+01
 4.822272e+01
 4.793236e+01
 4.764659e+01
 4.736531e+01
 4.708842e+01
 4.681582e+01
 4.654739e+01
 4.628306e+01
 4.602273e+01
 4.576631e+01
 4.551371e+01
 4.526484e+01
 4.501964e+01
 4.477801e+01
 4.453988e+01
 4.430517e+01
 4.407382e+01
 4.384575e+01
 4.362089e+01
 4.339918e+01
 4.318055e+01
 4.296494e+01
 4.275229e+01
 4.254254e+01
 4.233562e+01
 4.213149e+01
 4.193009e+01
 4.173136e+01
 4.153525e+01
 4.134172e+01
 4.115071e+01
 4.096217e+01
 4.077607e+01
 4.059234e+01
 4.041095e+01
 4.023185e+01
 4.005501e+01
 3.988038e+01
 3.970792e+01
 3.953758e+01
 3.936934e+01
 3.920316e+01
 3.903899e+01
 3.887681e+01
 3.871658e+01
 3.855826e+01
 3.840182e+01
 3.824723e+01
 3.809445e+01
 3.794346e+01
 3.779423e+01
 3.764673e+01
 3.750092e+01
 3.735678e+01
 3.721429e+01
 3.707341e+01
 3.693412e+01
 3.679639e+01
 3.666019e+01
 3.652552e+01
 3.639233e+01
 3.626060e+01
 3.613032e+01
 3.600146e+01
 3.587399e+01
 3.574791e+01
 3.562317e+01
 3.549977e+01
 3.537769e+01
 3.525689e+01
 3.513738e+01
 3.501911e+01
 3.490209e+01
 3.478628e+01
 3.467167e+01
 3.455825e+01
 3.444599e+01
 3.433488e+01
 3.422490e+01
 3.411603e+01
 3.400827e+01
 3.390159e+01
 3.379598e+01
 3.369142e+01
 3.358790e+01
 3.348541e+01
 3.338393e+01
 3.328344e+01
 3.318394e+01
 3.308540e+01
 3.298783e+01
 3.289119e+01
 3.279549e+01
 3.270070e+01
 3.260682e+01
 3.251384e+01
 3.242174e+01
 3.233050e+01
 3.224013e+01
 3.215061e+01
 3.206192e+01
 3.197406e+01
 3.188702e+01
 3.180078e+01
 3.171533e+01
 3.163068e+01
 3.154679e+01
 3.146368e+01
 3.138132e+01
 3.129971e+01
 3.121883e+01
 3.113868e+01
 3.105926e+01
 3.098054e+01
 3.090253e+01
 3.082521e+01
 3.074858e+01
 3.067262e+01
 3.059734e+01
 3.052271e+01
 3.044874e+01
 3.037542e+01
 3.030274e+01
 3.023068e+01
 3.015925e+01
 3.008844e+01
 3.001824e+01
 2.994864e+01
 2.987963e+01
 2.981122e+01
 2.974339e+01
 2.967613e+01
 2.960944e+01
 2.954332e+01
 2.947775e+01
 2.941274e+01
 2.934827e+01
 2.928434e+01
 5.082391e+02
 4.370867e+02
 3.872378e+02
 3.495886e+02
 3.197219e+02
 2.952289e+02
 2.746603e+02
 2.570764e+02
 2.418326e+02
 2.284673e+02
 2.166383e+02
 2.060852e+02
 1.966053e+02
 1.880381e+02
 1.802545e+02
 1.731492e+02
 1.666353e+02
 1.606405e+02
 1.551039e+02
 1.499742e+02
 1.452073e+02
 1.407655e+02
 1.366161e+02
 1.327307e+02
 1.290847e+02
 1.256563e+02
 1.224263e+02
 1.193777e+02
 1.164955e+02
 1.137663e+02
 1.111781e+02
 1.087201e+02
 1.063826e+02
 1.041569e+02
 1.020350e+02
 1.000098e+02
 9.807469e+01
 9.622376e+01
 9.445158e+01
 9.275317e+01
 9.112397e+01
 8.955979e+01
 8.805676e+01
 8.661133e+01
 8.522023e+01
 8.388040e+01
 8.258904e+01
 8.134354e+01
 8.014146e+01
 7.898055e+01
 7.785872e+01
 7.677399e+01
 7.572455e+01
 7.470867e+01
 7.372475e+01
 7.277130e+01
 7.184691e+01
 7.095024e+01
 7.008007e+01
 6.923522e+01
 6.841459e+01
 6.761715e+01
 6.684190e+01
 6.608794e+01
 6.535439e+01
 6.464041e+01
 6.394523e+01
 6.326812e+01
 6.260836e+01
 6.196529e+01
 6.133828e+01
 6.072673e+01
 6.013007e+01
 5.954776e+01
 5.897927e+01
 5.842413e+01
 5.788186e+01
 5.735201e+01
 5.683416e+01
 5.632790e+01
 5.583284e+01
 5.534862e+01
 5.487487e+01
 5.441126e+01
 5.395746e+01
 5.351317e+01
 5.307808e+01
 5.265191e+01
 5.223438e+01
 5.182524e+01
 5.142423e+01
 5.103111e+01
 5.064565e+01
 5.026762e+01
 4.989681e+01
 4.953302e+01
 4.917604e+01
 4.882568e+01
 4.848177e+01
 4.814412e+01
 4.781257e+01
 4.748694e+01
 4.716708e+01
 4.685285e+01
 4.654408e+01
 4.624064e+01
 4.594239e+01
 4.564921e+01
 4.536095e+01
 4.507750e+01
 4.479874e+01
 4.452455e+01
 4.425482e+01
 4.398944e+01
 4.372831e+01
 4.347133e+01
 4.321840e+01
 4.296942e+01
 4.272430e+01
 4.248296e+01
 4.224530e+01
 4.201124e+01
 4.178071e+01
 4.155362e+01
 4.132989e+01
 4.110946e+01
 4.089225e+01
 4.067819e+01
 4.046721e+01
 4.025925e+01
 4.005425e+01
 3.985214e+01
 3.965285e+01
 3.945634e+01
 3.926255e+01
 3.907142e+01
 3.888289e+01
 3.869692e+01
 3.851345e+01
 3.833243e+01
 3.815382e+01
 3.797756e+01
 3.780362e+01
 3.763195e+01
 3.746250e+01
 3.729523e+01
 3.713010e+01
 3.696707e+01
 3.680611e+01
 3.664716e+01
 3.649021e+01
 3.633520e+01
 3.618210e+01
 3.603089e+01
 3.588152e+01
 3.573397e+01
 3.558819e+01
 3.544417e+01
 3.530186e+01
 3.516125e+01
 3.502229e+01
 3.488497e+01
 3.474925e+01
 3.461510e+01
 3.448251e+01
 3.435144e+01
 3.422187e+01
 3.409377e+01
 3.396713e+01
 3.384191e+01
 3.371809e+01
 3.359565e+01
 3.347457e+01
 3.335483e+01
 3.323640e+01
 3.311927e+01
 3.300341e+01
 3.288881e+01
 3.277544e+01
 3.266329e+01
 3.255233e+01
 3.244256e+01
 3.233394e+01
 3.222647e+01
 3.212013e+01
 3.201489e+01
 3.191075e+01
 3.180769e+01
 3.170569e+01
 3.160473e+01
 3.150481e+01
 3.140590e+01
 3.130799e+01
 3.121107e+01
 3.111513e+01
 3.102014e+01
 3.092610e+01
 3.083299e+01
 3.074080e+01
 3.064952e+01
 3.055914e+01
 3.046963e+01
 3.038100e+01
 3.029323e+01
 3.020630e+01
 3.012021e+01
 3.003494e+01
 2.995049e+01
 2.986684e+01
 2.978399e+01
 2.970191e+01
 2.962061e+01
 2.954007e+01
 2.946028e+01
 2.938124e+01
 2.930292e+01
 2.922534e+01
 2.914846e+01
 2.907230e+01
 2.899682e+01
 2.892204e+01
 2.884794e+01
 2.877451e+01
 2.870174e+01
 2.862963e+01
 2.855817e+01
 2.848734e+01
 2.841715e+01
 2.834758e+01
 2.827863e+01
 2.821029e+01
 2.814255e+01
 2.807540e+01
 2.800884e+01
 2.794287e+01
 2.787747e+01
 2.781264e+01
 2.774837e+01
 2.768465e+01
 2.762149e+01
 2.755886e+01
 2.749678e+01
 2.743522e+01
 2.737419e+01
 2.731368e+01
 2.725368e+01
 2.719419e+01
 2.713520e+01
 2.707670e+01
 2.701870e+01
 5.077334e+02
 4.346690e+02
 3.823295e+02
 3.424046e+02
 3.107069e+02
 2.848233e+02
 2.632348e+02
 2.449251e+02
 2.291830e+02
 2.154933e+02
 2.034724e+02
 1.928280e+02
 1.833332e+02
 1.748090e+02
 1.671119e+02
 1.601257e+02
 1.537552e+02
 1.479215e+02
 1.425588e+02
 1.376117e+02
 1.330332e+02
 1.287831e+02
 1.248270e+02
 1.211350e+02
 1.176813e+02
 1.144433e+02
 1.114012e+02
 1.085376e+02
 1.058370e+02
 1.032857e+02
 1.008715e+02
 9.858362e+01
 9.641223e+01
 9.434854e+01
 9.238466e+01
 9.051343e+01
 8.872836e+01
 8.702357e+01
 8.539370e+01
 8.383385e+01
 8.233955e+01
 8.090670e+01
 7.953153e+01
 7.821060e+01
 7.694071e+01
 7.571892e+01
 7.454251e+01
 7.340897e+01
 7.231596e+01
 7.126132e+01
 7.024304e+01
 6.925924e+01
 6.830817e+01
 6.738821e+01
 6.649783e+01
 6.563561e+01
 6.480021e+01
 6.399038e+01
 6.320495e+01
 6.244283e+01
 6.170296e+01
 6.098438e+01
 6.028616e+01
 5.960744e+01
 5.894741e+01
 5.830529e+01
 5.768034e+01
 5.707189e+01
 5.647927e+01
 5.590187e+01
 5.533909e+01
 5.479039e+01
 5.425523e+01
 5.373311e+01
 5.322355e+01
 5.272610e+01
 5.224032e+01
 5.176581e+01
 5.130217e+01
 5.084902e+01
 5.040600e+01
 4.997278e+01
 4.954904e+01
 4.913445e+01
 4.872872e+01
 4.833156e+01
 4.794271e+01
 4.756190e+01
 4.718888e+01
 4.682341e+01
 4.646527e+01
 4.611422e+01
 4.577006e+01
 4.543258e+01
 4.510160e+01
 4.477691e+01
 4.445835e+01
 4.414573e+01
 4.383890e+01
 4.353768e+01
 4.324193e+01
 4.295150e+01
 4.266623e+01
 4.238600e+01
 4.211067e+01
 4.184012e+01
 4.157420e+01
 4.131282e+01
 4.105585e+01
 4.080317e+01
 4.055469e+01
 4.031030e+01
 4.006989e+01
 3.983337e+01
 3.960064e+01
 3.937162e+01
 3.914621e+01
 3.892434e+01
 3.870590e+01
 3.849084e+01
 3.827906e+01
 3.807050e+01
 3.786507e+01
 3.766272e+01
 3.746337e+01
 3.726695e+01
 3.707340e+01
 3.688266e+01
 3.669466e+01
 3.650936e+01
 3.632668e+01
 3.614658e+01
 3.596899e+01
 3.579388e+01
 3.562118e+01
 3.545085e+01
 3.528284e+01
 3.511710e+01
 3.495359e+01
 3.479226e+01
 3.463307e+01
 3.447597e+01
 3.432093e+01
 3.416790e+01
 3.401686e+01
 3.386775e+01
 3.372054e+01
 3.357520e+01
 3.343169e+01
 3.328998e+01
 3.315004e+01
 3.301182e+01
 3.287530e+01
 3.274046e+01
 3.260725e+01
 3.247566e+01
 3.234564e+01
 3.221718e+01
 3.209024e+01
 3.196481e+01
 3.184084e+01
 3.171833e+01
 3.159724e+01
 3.147755e+01
 3.135923e+01
 3.124227e+01
 3.112664e+01
 3.101231e+01
 3.089928e+01
 3.078750e+01
 3.067697e+01
 3.056767e+01
 3.045957e+01
 3.035266e+01
 3.024692e+01
 3.014232e+01
 3.003885e+01
 2.993650e+01
 2.983524e+01
 2.973506e+01
 2.963595e+01
 2.953787e+01
 2.944083e+01
 2.934481e+01
 2.924978e+01
 2.915574e+01
 2.906266e+01
 2.897055e+01
 2.887937e+01
 2.878912e+01
 2.869979e+01
 2.861136e+01
 2.852382e+01
 2.843715e+01
 2.835134e+01
 2.826639e+01
 2.818227e+01
 2.809899e+01
 2.801652e+01
 2.793485e+01
 2.785398e+01
 2.777389e+01
 2.769457e+01
 2.761602e+01
 2.753821e+01
 2.746115e+01
 2.738482e+01
 2.730921e+01
 2.723432e+01
 2.716012e+01
 2.708663e+01
 2.701381e+01
 2.694167e+01
 2.687021e+01
 2.679939e+01
 2.672923e+01
 2.665972e+01
 2.659083e+01
 2.652258e+01
 2.645494e+01
 2.638791e+01
 2.632149e+01
 2.625567e+01
 2.619043e+01
 2.612577e+01
 2.606169e+01
 2.599818e+01
 2.593523e+01
 2.587283e+01
 2.581098e+01
 2.574967e+01
 2.568890e+01
 2.562865e+01
 2.556893e+01
 2.550972e+01
 2.545103e+01
 2.539284e+01
 2.533515e+01
 2.527795e+01
 2.522125e+01
 2.516502e+01
 2.510927e+01
 2.505399e+01
 2.499918e+01
 2.494483e+01
 2.489094e+01
 2.483750e+01
 2.478450e+01
 2.473195e+01
 2.467984e+01
 4.979920e+02
 4.195952e+02
 3.638806e+02
 3.220206e+02
 2.893307e+02
 2.630542e+02
 2.414510e+02
 2.233635e+02
 2.079901e+02
 1.947572e+02
 1.832430e+02
 1.731303e+02
 1.641755e+02
 1.561890e+02
 1.490203e+02
 1.425488e+02
 1.366765e+02
 1.313232e+02
 1.264222e+02
 1.219180e+02
 1.177638e+02
 1.139198e+02
 1.103521e+02
 1.070317e+02
 1.039334e+02
 1.010354e+02
 9.831857e+01
 9.576625e+01
 9.336374e+01
 9.109804e+01
 8.895764e+01
 8.693226e+01
 8.501274e+01
 8.319086e+01
 8.145926e+01
 7.981127e+01
 7.824088e+01
 7.674265e+01
 7.531164e+01
 7.394335e+01
 7.263367e+01
 7.137884e+01
 7.017543e+01
 6.902029e+01
 6.791051e+01
 6.684343e+01
 6.581658e+01
 6.482768e+01
 6.387464e+01
 6.295549e+01
 6.206842e+01
 6.121174e+01
 6.038390e+01
 5.958343e+01
 5.880897e+01
 5.805923e+01
 5.733304e+01
 5.662927e+01
 5.594689e+01
 5.528490e+01
 5.464240e+01
 5.401850e+01
 5.341241e+01
 5.282334e+01
 5.225058e+01
 5.169344e+01
 5.115129e+01
 5.062350e+01
 5.010950e+01
 4.960875e+01
 4.912072e+01
 4.864493e+01
 4.818092e+01
 4.772824e+01
 4.728647e+01
 4.685521e+01
 4.643409e+01
 4.602273e+01
 4.562081e+01
 4.522798e+01
 4.484394e+01
 4.446839e+01
 4.410104e+01
 4.374162e+01
 4.338987e+01
 4.304555e+01
 4.270841e+01
 4.237823e+01
 4.205478e+01
 4.173787e+01
 4.142728e+01
 4.112284e+01
 4.082434e+01
 4.053162e+01
 4.024451e+01
 3.996284e+01
 3.968645e+01
 3.941520e+01
 3.914895e+01
 3.888754e+01
 3.863085e+01
 3.837874e+01
 3.813110e+01
 3.788781e+01
 3.764874e+01
 3.741378e+01
 3.718283e+01
 3.695579e+01
 3.673255e+01
 3.651302e+01
 3.629711e+01
 3.608471e+01
 3.587575e+01
 3.567015e+01
 3.546781e+01
 3.526867e+01
 3.507264e+01
 3.487966e+01
 3.468964e+01
 3.450252e+01
 3.431824e+01
 3.413673e+01
 3.395792e+01
 3.378176e+01
 3.360818e+01
 3.343713e+01
 3.326856e+01
 3.310240e+01
 3.293861e+01
 3.277713e+01
 3.261792e+01
 3.246093e+01
 3.230611e+01
 3.215341e+01
 3.200280e+01
 3.185422e+01
 3.170764e+01
 3.156303e+01
 3.142032e+01
 3.127950e+01
 3.114052e+01
 3.100335e+01
 3.086795e+01
 3.073428e+01
 3.060232e+01
 3.047203e+01
 3.034337e+01
 3.021633e+01
 3.009086e+01
 2.996694e+01
 2.984455e+01
 2.972364e+01
 2.960420e+01
 2.948620e+01
 2.936961e+01
 2.925441e+01
 2.914057e+01
 2.902807e+01
 2.891689e+01
 2.880700e+01
 2.869838e+01
 2.859100e+01
 2.848486e+01
 2.837992e+01
 2.827617e+01
 2.817358e+01
 2.807214e+01
 2.797183e+01
 2.787263e+01
 2.777452e+01
 2.767749e+01
 2.758151e+01
 2.748657e+01
 2.739265e+01
 2.729974e+01
 2.720782e+01
 2.711687e+01
 2.702689e+01
 2.693785e+01
 2.684974e+01
 2.676255e+01
 2.667627e+01
 2.659087e+01
 2.650634e+01
 2.642268e+01
 2.633987e+01
 2.625790e+01
 2.617675e+01
 2.609642e+01
 2.601689e+01
 2.593814e+01
 2.586018e+01
 2.578298e+01
 2.570654e+01
 2.563084e+01
 2.555588e+01
 2.548165e+01
 2.540813e+01
 2.533532e+01
 2.526320e+01
 2.519177e+01
 2.512101e+01
 2.505092e+01
 2.498149e+01
 2.491271e+01
 2.484458e+01
 2.477707e+01
 2.471019e+01
 2.464393e+01
 2.457827e+01
 2.451321e+01
 2.444875e+01
 2.438487e+01
 2.432158e+01
 2.425885e+01
 2.419668e+01
 2.413507e+01
 2.407401e+01
 2.401349e+01
 2.395351e+01
 2.389406e+01
 2.383513e+01
 2.377671e+01
 2.371881e+01
 2.366141e+01
 2.360451e+01
 2.354810e+01
 2.349218e+01
 2.343674e+01
 2.338177e+01
 2.332727e+01
 2.327324e+01
 2.321966e+01
 2.316654e+01
 2.311386e+01
 2.306163e+01
 2.300984e+01
 2.295848e+01
 2.290755e+01
 2.285704e+01
 2.280695e+01
 2.275727e+01
 2.270801e+01
 2.265915e+01
 2.261069e+01
 2.256262e+01
 2.251495e+01
 2.246767e+01
 2.242077e+01
 2.237425e+01
 4.616581e+02
 3.808297e+02
 3.252645e+02
 2.846420e+02
 2.536132e+02
 2.291182e+02
 2.092774e+02
 1.928706e+02
 1.790711e+02
 1.672985e+02
 1.571330e+02
 1.482637e+02
 1.404552e+02
 1.335260e+02
 1.273338e+02
 1.217657e+02
 1.167307e+02
 1.121547e+02
 1.079768e+02
 1.041465e+02
 1.006216e+02
 9.736624e+01
 9.435024e+01
 9.154767e+01
 8.893624e+01
 8.649670e+01
 8.421230e+01
 8.206840e+01
 8.005218e+01
 7.815231e+01
 7.635881e+01
 7.466278e+01
 7.305632e+01
 7.153235e+01
 7.008453e+01
 6.870715e+01
 6.739508e+01
 6.614365e+01
 6.494866e+01
 6.380627e+01
 6.271300e+01
 6.166565e+01
 6.066132e+01
 5.969734e+01
 5.877125e+01
 5.788080e+01
 5.702392e+01
 5.619868e+01
 5.540331e+01
 5.463618e+01
 5.389576e+01
 5.318063e+01
 5.248948e+01
 5.182110e+01
 5.117433e+01
 5.054811e+01
 4.994144e+01
 4.935340e+01
 4.878311e+01
 4.822976e+01
 4.769257e+01
 4.717083e+01
 4.666385e+01
 4.617099e+01
 4.569166e+01
 4.522529e+01
 4.477133e+01
 4.432929e+01
 4.389867e+01
 4.347904e+01
 4.306996e+01
 4.267102e+01
 4.228184e+01
 4.190206e+01
 4.153131e+01
 4.116928e+01
 4.081564e+01
 4.047010e+01
 4.013238e+01
 3.980220e+01
 3.947930e+01
 3.916343e+01
 3.885437e+01
 3.855188e+01
 3.825574e+01
 3.796577e+01
 3.768175e+01
 3.740349e+01
 3.713083e+01
 3.686358e+01
 3.660158e+01
 3.634467e+01
 3.609269e+01
 3.584551e+01
 3.560299e+01
 3.536497e+01
 3.513135e+01
 3.490199e+01
 3.467676e+01
 3.445557e+01
 3.423830e+01
 3.402483e+01
 3.381507e+01
 3.360891e+01
 3.340627e+01
 3.320705e+01
 3.301116e+01
 3.281851e+01
 3.262903e+01
 3.244263e+01
 3.225923e+01
 3.207876e+01
 3.190116e+01
 3.172634e+01
 3.155424e+01
 3.138479e+01
 3.121794e+01
 3.105362e+01
 3.089178e+01
 3.073235e+01
 3.057528e+01
 3.042051e+01
 3.026800e+01
 3.011770e+01
 2.996955e+01
 2.982350e+01
 2.967952e+01
 2.953755e+01
 2.939756e+01
 2.925950e+01
 2.912333e+01
 2.898901e+01
 2.885650e+01
 2.872577e+01
 2.859677e+01
 2.846948e+01
 2.834385e+01
 2.821986e+01
 2.809748e+01
 2.797666e+01
 2.785738e+01
 2.773961e+01
 2.762333e+01
 2.750849e+01
 2.739508e+01
 2.728307e+01
 2.717243e+01
 2.706314e+01
 2.695516e+01
 2.684848e+01
 2.674308e+01
 2.663892e+01
 2.653599e+01
 2.643427e+01
 2.633373e+01
 2.623435e+01
 2.613612e+01
 2.603901e+01
 2.594300e+01
 2.584808e+01
 2.575422e+01
 2.566141e+01
 2.556962e+01
 2.547885e+01
 2.538908e+01
 2.530029e+01
 2.521246e+01
 2.512557e+01
 2.503962e+01
 2.495458e+01
 2.487045e+01
 2.478721e+01
 2.470484e+01
 2.462332e+01
 2.454266e+01
 2.446283e+01
 2.438382e+01
 2.430561e+01
 2.422821e+01
 2.415158e+01
 2.407573e+01
 2.400064e+01
 2.392629e+01
 2.385269e+01
 2.377981e+01
 2.370765e+01
 2.363619e+01
 2.356543e+01
 2.349535e+01
 2.342595e+01
 2.335721e+01
 2.328914e+01
 2.322171e+01
 2.315491e+01
 2.308875e+01
 2.302321e+01
 2.295827e+01
 2.289395e+01
 2.283022e+01
 2.276707e+01
 2.270451e+01
 2.264251e+01
 2.258108e+01
 2.252021e+01
 2.245989e+01
 2.240011e+01
 2.234086e+01
 2.228214e+01
 2.222394e+01
 2.216626e+01
 2.210909e+01
 2.205242e+01
 2.199624e+01
 2.194055e+01
 2.188534e+01
 2.183061e+01
 2.177636e+01
 2.172256e+01
 2.166923e+01
 2.161635e+01
 2.156392e+01
 2.151193e+01
 2.146038e+01
 2.140926e+01
 2.135857e+01
 2.130831e+01
 2.125846e+01
 2.120902e+01
 2.115999e+01
 2.111136e+01
 2.106313e+01
 2.101529e+01
 2.096785e+01
 2.092078e+01
 2.087410e+01
 2.082780e+01
 2.078186e+01
 2.073630e+01
 2.069110e+01
 2.064626e+01
 2.060177e+01
 2.055764e+01
 2.051385e+01
 2.047041e+01
 2.042731e+01
 2.038455e+01
 2.034212e+01
 2.030002e+01
 2.025824e+01
 2.021679e+01
 3.894496e+02
 3.161721e+02
 2.675123e+02
 2.327968e+02
 2.067511e+02
 1.864664e+02
 1.702066e+02
 1.568709e+02
 1.457271e+02
 1.362694e+02
 1.281369e+02
 1.210654e+02
 1.148565e+02
 1.093588e+02
 1.044545e+02
 1.000506e+02
 9.607250e+01
 9.246006e+01
 8.916390e+01
 8.614321e+01
 8.336399e+01
 8.079763e+01
 7.841992e+01
 7.621022e+01
 7.415081e+01
 7.222640e+01
 7.042373e+01
 6.873124e+01
 6.713879e+01
 6.563749e+01
 6.421945e+01
 6.287769e+01
 6.160601e+01
 6.039885e+01
 5.925124e+01
 5.815872e+01
 5.711725e+01
 5.612322e+01
 5.517331e+01
 5.426453e+01
 5.339417e+01
 5.255974e+01
 5.175895e+01
 5.098974e+01
 5.025019e+01
 4.953854e+01
 4.885318e+01
 4.819260e+01
 4.755543e+01
 4.694039e+01
 4.634630e+01
 4.577204e+01
 4.521660e+01
 4.467903e+01
 4.415843e+01
 4.365397e+01
 4.316489e+01
 4.269044e+01
 4.222996e+01
 4.178281e+01
 4.134838e+01
 4.092612e+01
 4.051549e+01
 4.011599e+01
 3.972716e+01
 3.934855e+01
 3.897975e+01
 3.862036e+01
 3.827000e+01
 3.792831e+01
 3.759498e+01
 3.726967e+01
 3.695208e+01
 3.664194e+01
 3.633895e+01
 3.604288e+01
 3.575347e+01
 3.547048e+01
 3.519370e+01
 3.492291e+01
 3.465791e+01
 3.439850e+01
 3.414450e+01
 3.389573e+01
 3.365203e+01
 3.341323e+01
 3.317917e+01
 3.294972e+01
 3.272472e+01
 3.250405e+01
 3.228757e+01
 3.207516e+01
 3.186669e+01
 3.166206e+01
 3.146114e+01
 3.126385e+01
 3.107006e+01
 3.087969e+01
 3.069265e+01
 3.050883e+01
 3.032816e+01
 3.015054e+01
 2.997590e+01
 2.980416e+01
 2.963524e+01
 2.946907e+01
 2.930558e+01
 2.914470e+01
 2.898637e+01
 2.883052e+01
 2.867710e+01
 2.852603e+01
 2.837728e+01
 2.823077e+01
 2.808646e+01
 2.794430e+01
 2.780423e+01
 2.766621e+01
 2.753018e+01
 2.739612e+01
 2.726396e+01
 2.713367e+01
 2.700521e+01
 2.687853e+01
 2.675360e+01
 2.663038e+01
 2.650883e+01
 2.638892e+01
 2.627062e+01
 2.615388e+01
 2.603868e+01
 2.592498e+01
 2.581276e+01
 2.570198e+01
 2.559262e+01
 2.548464e+01
 2.537802e+01
 2.527274e+01
 2.516876e+01
 2.506606e+01
 2.496462e+01
 2.486441e+01
 2.476541e+01
 2.466760e+01
 2.457095e+01
 2.447545e+01
 2.438106e+01
 2.428778e+01
 2.419557e+01
 2.410443e+01
 2.401433e+01
 2.392526e+01
 2.383719e+01
 2.375011e+01
 2.366400e+01
 2.357884e+01
 2.349462e+01
 2.341132e+01
 2.332893e+01
 2.324743e+01
 2.316681e+01
 2.308704e+01
 2.300812e+01
 2.293004e+01
 2.285278e+01
 2.277632e+01
 2.270065e+01
 2.262576e+01
 2.255165e+01
 2.247829e+01
 2.240567e+01
 2.233378e+01
 2.226262e+01
 2.219216e+01
 2.212240e+01
 2.205334e+01
 2.198494e+01
 2.191722e+01
 2.185016e+01
 2.178374e+01
 2.171796e+01
 2.165281e+01
 2.158827e+01
 2.152435e+01
 2.146103e+01
 2.139831e+01
 2.133617e+01
 2.127460e+01
 2.121360e+01
 2.115316e+01
 2.109328e+01
 2.103394e+01
 2.097513e+01
 2.091686e+01
 2.085911e+01
 2.080187e+01
 2.074514e+01
 2.068892e+01
 2.063319e+01
 2.057794e+01
 2.052318e+01
 2.046890e+01
 2.041508e+01
 2.036173e+01
 2.030883e+01
 2.025638e+01
 2.020438e+01
 2.015282e+01
 2.010170e+01
 2.005100e+01
 2.000073e+01
 1.995087e+01
 1.990143e+01
 1.985239e+01
 1.980376e+01
 1.975553e+01
 1.970769e+01
 1.966023e+01
 1.961316e+01
 1.956647e+01
 1.952016e+01
 1.947421e+01
 1.942863e+01
 1.938342e+01
 1.933855e+01
 1.929405e+01
 1.924989e+01
 1.920607e+01
 1.916260e+01
 1.911946e+01
 1.907666e+01
 1.903419e+01
 1.899204e+01
 1.895022e+01
 1.890871e+01
 1.886752e+01
 1.882664e+01
 1.878607e+01
 1.874580e+01
 1.870584e+01
 1.866617e+01
 1.862680e+01
 1.858772e+01
 1.854893e+01
 1.851043e+01
 1.847221e+01
 1.843427e+01
 1.839660e+01
 1.835921e+01
 1.832209e+01
 2.913535e+02
 2.365369e+02
 2.008362e+02
 1.756529e+02
 1.568836e+02
 1.423203e+02
 1.306677e+02
 1.211154e+02
 1.131302e+02
 1.063461e+02
 1.005039e+02
 9.541461e+01
 9.093692e+01
 8.696325e+01
 8.341009e+01
 8.021162e+01
 7.731524e+01
 7.467838e+01
 7.226624e+01
 7.005003e+01
 6.800577e+01
 6.611329e+01
 6.435550e+01
 6.271784e+01
 6.118779e+01
 5.975457e+01
 5.840878e+01
 5.714225e+01
 5.594781e+01
 5.481914e+01
 5.375066e+01
 5.273741e+01
 5.177497e+01
 5.085939e+01
 4.998715e+01
 4.915504e+01
 4.836019e+01
 4.760001e+01
 4.687215e+01
 4.617444e+01
 4.550495e+01
 4.486189e+01
 4.424361e+01
 4.364864e+01
 4.307558e+01
 4.252317e+01
 4.199024e+01
 4.147571e+01
 4.097858e+01
 4.049792e+01
 4.003287e+01
 3.958264e+01
 3.914647e+01
 3.872368e+01
 3.831361e+01
 3.791565e+01
 3.752925e+01
 3.715387e+01
 3.678902e+01
 3.643422e+01
 3.608903e+01
 3.575304e+01
 3.542587e+01
 3.510715e+01
 3.479652e+01
 3.449366e+01
 3.419827e+01
 3.391004e+01
 3.362871e+01
 3.335401e+01
 3.308568e+01
 3.282351e+01
 3.256725e+01
 3.231670e+01
 3.207166e+01
 3.183193e+01
 3.159732e+01
 3.136767e+01
 3.114281e+01
 3.092257e+01
 3.070680e+01
 3.049537e+01
 3.028812e+01
 3.008494e+01
 2.988568e+01
 2.969023e+01
 2.949847e+01
 2.931030e+01
 2.912559e+01
 2.894426e+01
 2.876620e+01
 2.859132e+01
 2.841953e+01
 2.825074e+01
 2.808486e+01
 2.792181e+01
 2.776153e+01
 2.760393e+01
 2.744894e+01
 2.729649e+01
 2.714651e+01
 2.699894e+01
 2.685373e+01
 2.671080e+01
 2.657010e+01
 2.643158e+01
 2.629518e+01
 2.616084e+01
 2.602853e+01
 2.589818e+01
 2.576976e+01
 2.564321e+01
 2.551850e+01
 2.539558e+01
 2.527440e+01
 2.515494e+01
 2.503715e+01
 2.492099e+01
 2.480643e+01
 2.469343e+01
 2.458195e+01
 2.447198e+01
 2.436346e+01
 2.425638e+01
 2.415069e+01
 2.404638e+01
 2.394341e+01
 2.384176e+01
 2.374140e+01
 2.364229e+01
 2.354443e+01
 2.344777e+01
 2.335231e+01
 2.325801e+01
 2.316485e+01
 2.307281e+01
 2.298187e+01
 2.289201e+01
 2.280320e+01
 2.271543e+01
 2.262868e+01
 2.254292e+01
 2.245815e+01
 2.237434e+01
 2.229147e+01
 2.220953e+01
 2.212851e+01
 2.204837e+01
 2.196912e+01
 2.189073e+01
 2.181319e+01
 2.173649e+01
 2.166060e+01
 2.158552e+01
 2.151123e+01
 2.143772e+01
 2.136498e+01
 2.129299e+01
 2.122174e+01
 2.115122e+01
 2.108142e+01
 2.101232e+01
 2.094391e+01
 2.087619e+01
 2.080914e+01
 2.074275e+01
 2.067701e+01
 2.061191e+01
 2.054744e+01
 2.048360e+01
 2.042036e+01
 2.035773e+01
 2.029569e+01
 2.023424e+01
 2.017336e+01
 2.011304e+01
 2.005329e+01
 1.999409e+01
 1.993543e+01
 1.987730e+01
 1.981970e+01
 1.976262e+01
 1.970605e+01
 1.964999e+01
 1.959442e+01
 1.953935e+01
 1.948475e+01
 1.943064e+01
 1.937699e+01
 1.932381e+01
 1.927109e+01
 1.921882e+01
 1.916699e+01
 1.911561e+01
 1.906466e+01
 1.901413e+01
 1.896403e+01
 1.891434e+01
 1.886507e+01
 1.881620e+01
 1.876773e+01
 1.871966e+01
 1.867198e+01
 1.862468e+01
 1.857776e+01
 1.853122e+01
 1.848505e+01
 1.843925e+01
 1.839381e+01
 1.834873e+01
 1.830400e+01
 1.825962e+01
 1.821558e+01
 1.817189e+01
 1.812853e+01
 1.808550e+01
 1.804280e+01
 1.800043e+01
 1.795837e+01
 1.791664e+01
 1.787521e+01
 1.783410e+01
 1.779329e+01
 1.775279e+01
 1.771258e+01
 1.767267e+01
 1.763306e+01
 1.759373e+01
 1.755469e+01
 1.751593e+01
 1.747744e+01
 1.743924e+01
 1.740131e+01
 1.736365e+01
 1.732626e+01
 1.728913e+01
 1.725226e+01
 1.721565e+01
 1.717930e+01
 1.714320e+01
 1.710736e+01
 1.707176e+01
 1.703640e+01
 1.700129e+01
 1.696642e+01
 1.693179e+01
 1.689739e+01
 1.686322e+01
 1.682929e+01
 1.679559e+01
 1.956245e+02
 1.631462e+02
 1.417339e+02
 1.264228e+02
 1.148543e+02
 1.057584e+02
 9.838788e+01
 9.227328e+01
 8.710374e+01
 8.266492e+01
 7.880390e+01
 7.540847e+01
 7.239429e+01
 6.969671e+01
 6.726520e+01
 6.505972e+01
 6.304807e+01
 6.120405e+01
 5.950609e+01
 5.793627e+01
 5.647958e+01
 5.512331e+01
 5.385667e+01
 5.267037e+01
 5.155643e+01
 5.050792e+01
 4.951877e+01
 4.858370e+01
 4.769803e+01
 4.685763e+01
 4.605884e+01
 4.529839e+01
 4.457335e+01
 4.388110e+01
 4.321929e+01
 4.258577e+01
 4.197862e+01
 4.139608e+01
 4.083656e+01
 4.029860e+01
 3.978088e+01
 3.928217e+01
 3.880135e+01
 3.833740e+01
 3.788935e+01
 3.745634e+01
 3.703756e+01
 3.663224e+01
 3.623970e+01
 3.585929e+01
 3.549039e+01
 3.513245e+01
 3.478494e+01
 3.444738e+01
 3.411930e+01
 3.380026e+01
 3.348988e+01
 3.318776e+01
 3.289356e+01
 3.260693e+01
 3.232757e+01
 3.205516e+01
 3.178944e+01
 3.153013e+01
 3.127698e+01
 3.102977e+01
 3.078825e+01
 3.055222e+01
 3.032148e+01
 3.009583e+01
 2.987509e+01
 2.965909e+01
 2.944766e+01
 2.924064e+01
 2.903789e+01
 2.883926e+01
 2.864461e+01
 2.845382e+01
 2.826676e+01
 2.808331e+01
 2.790336e+01
 2.772680e+01
 2.755352e+01
 2.738343e+01
 2.721644e+01
 2.705244e+01
 2.689135e+01
 2.673309e+01
 2.657757e+01
 2.642473e+01
 2.627448e+01
 2.612675e+01
 2.598147e+01
 2.583858e+01
 2.569801e+01
 2.555970e+01
 2.542360e+01
 2.528963e+01
 2.515776e+01
 2.502792e+01
 2.490007e+01
 2.477416e+01
 2.465013e+01
 2.452794e+01
 2.440755e+01
 2.428891e+01
 2.417198e+01
 2.405673e+01
 2.394310e+01
 2.383107e+01
 2.372060e+01
 2.361165e+01
 2.350419e+01
 2.339819e+01
 2.329361e+01
 2.319042e+01
 2.308859e+01
 2.298809e+01
 2.288890e+01
 2.279098e+01
 2.269431e+01
 2.259887e+01
 2.250462e+01
 2.241155e+01
 2.231962e+01
 2.222882e+01
 2.213913e+01
 2.205051e+01
 2.196296e+01
 2.187645e+01
 2.179095e+01
 2.170646e+01
 2.162295e+01
 2.154040e+01
 2.145879e+01
 2.137811e+01
 2.129834e+01
 2.121946e+01
 2.114146e+01
 2.106431e+01
 2.098802e+01
 2.091255e+01
 2.083789e+01
 2.076404e+01
 2.069098e+01
 2.061868e+01
 2.054715e+01
 2.047636e+01
 2.040631e+01
 2.033698e+01
 2.026835e+01
 2.020043e+01
 2.013319e+01
 2.006662e+01
 2.000072e+01
 1.993547e+01
 1.987086e+01
 1.980689e+01
 1.974353e+01
 1.968079e+01
 1.961865e+01
 1.955711e+01
 1.949614e+01
 1.943575e+01
 1.937593e+01
 1.931667e+01
 1.925795e+01
 1.919977e+01
 1.914213e+01
 1.908501e+01
 1.902840e+01
 1.897231e+01
 1.891672e+01
 1.886162e+01
 1.880700e+01
 1.875287e+01
 1.869921e+01
 1.864602e+01
 1.859329e+01
 1.854101e+01
 1.848918e+01
 1.843779e+01
 1.838683e+01
 1.833630e+01
 1.828620e+01
 1.823651e+01
 1.818723e+01
 1.813836e+01
 1.808989e+01
 1.804182e+01
 1.799413e+01
 1.794683e+01
 1.789991e+01
 1.785337e+01
 1.780719e+01
 1.776138e+01
 1.771593e+01
 1.767084e+01
 1.762610e+01
 1.758170e+01
 1.753765e+01
 1.749393e+01
 1.745055e+01
 1.740750e+01
 1.736478e+01
 1.732237e+01
 1.728029e+01
 1.723852e+01
 1.719706e+01
 1.715591e+01
 1.711505e+01
 1.707450e+01
 1.703425e+01
 1.699429e+01
 1.695461e+01
 1.691522e+01
 1.687612e+01
 1.683729e+01
 1.679874e+01
 1.676046e+01
 1.672245e+01
 1.668470e+01
 1.664722e+01
 1.661001e+01
 1.657304e+01
 1.653634e+01
 1.649988e+01
 1.646367e+01
 1.642771e+01
 1.639200e+01
 1.635652e+01
 1.632129e+01
 1.628629e+01
 1.625152e+01
 1.621698e+01
 1.618267e+01
 1.614859e+01
 1.611473e+01
 1.608109e+01
 1.604767e+01
 1.601447e+01
 1.598148e+01
 1.594871e+01
 1.591614e+01
 1.588378e+01
 1.585163e+01
 1.581968e+01
 1.578793e+01
 1.575638e+01
 1.572503e+01
 1.363033e+02
 1.190349e+02
 1.069518e+02
 9.789954e+01
 9.079633e+01
 8.503268e+01
 8.023581e+01
 7.616340e+01
 7.265028e+01
 6.957952e+01
 6.686572e+01
 6.444486e+01
 6.226790e+01
 6.029658e+01
 5.850049e+01
 5.685520e+01
 5.534076e+01
 5.394074e+01
 5.264145e+01
 5.143138e+01
 5.030080e+01
 4.924138e+01
 4.824598e+01
 4.730839e+01
 4.642326e+01
 4.558586e+01
 4.479207e+01
 4.403823e+01
 4.332111e+01
 4.263783e+01
 4.198580e+01
 4.136272e+01
 4.076651e+01
 4.019530e+01
 3.964740e+01
 3.912125e+01
 3.861546e+01
 3.812875e+01
 3.765996e+01
 3.720800e+01
 3.677191e+01
 3.635076e+01
 3.594374e+01
 3.555006e+01
 3.516902e+01
 3.479996e+01
 3.444225e+01
 3.409533e+01
 3.375868e+01
 3.343178e+01
 3.311419e+01
 3.280547e+01
 3.250521e+01
 3.221304e+01
 3.192859e+01
 3.165154e+01
 3.138157e+01
 3.111838e+01
 3.086170e+01
 3.061126e+01
 3.036681e+01
 3.012812e+01
 2.989496e+01
 2.966713e+01
 2.944443e+01
 2.922666e+01
 2.901365e+01
 2.880522e+01
 2.860122e+01
 2.840149e+01
 2.820588e+01
 2.801426e+01
 2.782648e+01
 2.764243e+01
 2.746198e+01
 2.728502e+01
 2.711143e+01
 2.694111e+01
 2.677396e+01
 2.660988e+01
 2.644878e+01
 2.629057e+01
 2.613516e+01
 2.598248e+01
 2.583244e+01
 2.568497e+01
 2.553999e+01
 2.539744e+01
 2.525726e+01
 2.511936e+01
 2.498370e+01
 2.485022e+01
 2.471885e+01
 2.458954e+01
 2.446224e+01
 2.433690e+01
 2.421346e+01
 2.409188e+01
 2.397212e+01
 2.385412e+01
 2.373785e+01
 2.362327e+01
 2.351032e+01
 2.339899e+01
 2.328922e+01
 2.318098e+01
 2.307423e+01
 2.296895e+01
 2.286509e+01
 2.276264e+01
 2.266154e+01
 2.256179e+01
 2.246334e+01
 2.236616e+01
 2.227024e+01
 2.217555e+01
 2.208205e+01
 2.198972e+01
 2.189854e+01
 2.180849e+01
 2.171954e+01
 2.163168e+01
 2.154487e+01
 2.145909e+01
 2.137434e+01
 2.129058e+01
 2.120780e+01
 2.112598e+01
 2.104509e+01
 2.096514e+01
 2.088608e+01
 2.080792e+01
 2.073062e+01
 2.065419e+01
 2.057859e+01
 2.050382e+01
 2.042986e+01
 2.035669e+01
 2.028430e+01
 2.021268e+01
 2.014182e+01
 2.007170e+01
 2.000230e+01
 1.993362e+01
 1.986565e+01
 1.979837e+01
 1.973176e+01
 1.966583e+01
 1.960055e+01
 1.953592e+01
 1.947192e+01
 1.940855e+01
 1.934580e+01
 1.928365e+01
 1.922210e+01
 1.916113e+01
 1.910075e+01
 1.904093e+01
 1.898167e+01
 1.892296e+01
 1.886479e+01
 1.880716e+01
 1.875005e+01
 1.869346e+01
 1.863738e+01
 1.858181e+01
 1.852673e+01
 1.847213e+01
 1.841802e+01
 1.836438e+01
 1.831121e+01
 1.825850e+01
 1.820624e+01
 1.815443e+01
 1.810306e+01
 1.805213e+01
 1.800162e+01
 1.795154e+01
 1.790187e+01
 1.785261e+01
 1.780376e+01
 1.775531e+01
 1.770725e+01
 1.765959e+01
 1.761230e+01
 1.756540e+01
 1.751887e+01
 1.747270e+01
 1.742691e+01
 1.738147e+01
 1.733638e+01
 1.729165e+01
 1.724726e+01
 1.720321e+01
 1.715950e+01
 1.711612e+01
 1.707307e+01
 1.703034e+01
 1.698794e+01
 1.694585e+01
 1.690407e+01
 1.686260e+01
 1.682144e+01
 1.678058e+01
 1.674001e+01
 1.669974e+01
 1.665976e+01
 1.662006e+01
 1.658065e+01
 1.654152e+01
 1.650267e+01
 1.646408e+01
 1.642577e+01
 1.638773e+01
 1.634995e+01
 1.631243e+01
 1.627517e+01
 1.623817e+01
 1.620142e+01
 1.616491e+01
 1.612866e+01
 1.609264e+01
 1.605687e+01
 1.602134e+01
 1.598604e+01
 1.595098e+01
 1.591615e+01
 1.588154e+01
 1.584716e+01
 1.581301e+01
 1.577907e+01
 1.574536e+01
 1.571186e+01
 1.567857e+01
 1.564550e+01
 1.561263e+01
 1.557997e+01
 1.554752e+01
 1.551527e+01
 1.548322e+01
 1.545137e+01
 1.541972e+01
 1.538826e+01
 1.535700e+01
 1.532592e+01
 1.529504e+01
 1.526434e+01
 1.523383e+01
 1.520350e+01
 1.517335e+01
