           1
        2500
           1
   330.95173730256704     
   223.78080457999101     
   192.80121241962604     
   174.12697651205684     
   158.19479386306574     
   141.17876273606095     
   138.00039224805079     
   127.86236488039157     
   107.55538257590246     
   104.53389643367989     
   100.94143791272474     
   94.631647695957341     
   94.229871545697321     
   86.763080604315533     
   81.308005574002266     
   88.134744169136454     
   90.278451155647460     
   84.232712026702814     
   83.566060005813029     
   81.811314314248762     
   79.726098820407714     
   77.746969378295702     
   79.570408054358879     
   83.587396794714806     
   75.755266784070457     
   80.706282263841757     
   75.645461118508479     
   80.666243086004258     
   80.491933607878778     
   74.575024469032130     
   72.408509878593975     
   71.567512571038719     
   72.169154904473345     
   72.057675670103407     
   76.719759361534443     
   76.299046384754803     
   72.181229692697343     
   68.225797437409980     
   72.409130062302012     
   70.385850602324766     
   72.231960791750396     
   73.350967947550188     
   71.060863593997013     
   62.421813144182352     
   70.662797548092357     
   70.404404040895997     
   74.281681463462732     
   78.122159617283302     
   80.396168503529893     
   81.391687942238946     
   72.385090548994555     
   69.950149064562069     
   73.226999467981841     
   76.786209552697869     
   72.504016218001112     
   72.367480406568788     
   74.812809062191192     
   72.887882275257169     
   71.316570418003437     
   70.973784430892536     
   71.433374986172865     
   74.233107089093195     
   72.647209378710997     
   71.688767810161863     
   71.061455793011888     
   68.709368720787282     
   67.488747891206458     
   68.551881485677782     
   65.974487253177529     
   67.527197515165511     
   67.271866735925045     
   65.171338647705269     
   65.466549496920265     
   60.312411508397886     
   62.456078230821234     
   59.011895164068193     
   57.313448215242261     
   56.853383782057399     
   51.432091198023883     
   52.306323697729475     
   48.589431937202654     
   51.681584525390150     
   52.996387767205235     
   54.136824780722065     
   57.750258170075348     
   55.778750881983456     
   55.574004949496157     
   56.156034010464509     
   52.420109243847243     
   58.103800013621026     
   54.878948470616962     
   56.492310867306230     
   55.927130097292704     
   54.254229247261961     
   51.677054519613421     
   51.420745349567142     
   53.162373068545691     
   55.682491724132916     
   54.136527919277079     
   50.485348052654309     
   52.749938296582158     
   54.736824452554401     
   54.662510268679455     
   53.785288599242222     
   52.641938616628586     
   50.075266078791806     
   46.908390027315221     
   47.963916761736115     
   48.155240295148083     
   45.053389426124589     
   47.074615259280904     
   47.997560856641172     
   50.702414801800487     
   45.596615566359553     
   42.808641596731114     
   45.108370310111766     
   43.959245122459087     
   44.048077532939494     
   47.442649230141086     
   44.062551851314964     
   46.952150263054207     
   43.766956753916098     
   44.531283649759928     
   40.891494928088321     
   44.483267735884766     
   46.102035469229541     
   45.298319033228793     
   42.840161422648464     
   42.408434017554143     
   40.106457236065765     
   41.999073921506607     
   39.713119659720860     
   39.688621366584684     
   40.480076134196914     
   42.999650007993793     
   36.892251888768442     
   42.585841255080702     
   40.884079237754612     
   45.695308845805712     
   48.517773896576784     
   46.008406949328347     
   46.246385607030845     
   45.995790495482517     
   45.923543724319863     
   45.599693666308255     
   45.252958106608212     
   48.152718775524171     
   46.779924619923889     
   46.412672152432151     
   47.048462841125563     
   46.205908676405699     
   46.254587834934391     
   46.749798312685719     
   47.966880274556722     
   44.934651860013169     
   44.404139246583320     
   44.804109658964684     
   45.044462609203322     
   44.130264192957995     
   42.113763087458047     
   41.700548724388625     
   40.963938816603147     
   41.314330417410545     
   40.391444238774561     
   37.463236674713663     
   38.747589783576444     
   37.220535572314589     
   40.683366953614666     
   38.737477167062373     
   37.769165157625480     
   39.237064863299139     
   38.237347995275726     
   37.303002659900557     
   37.511658906352920     
   37.397956473036764     
   36.674725472846987     
   35.090781948020656     
   32.292571341526902     
   30.833572451377897     
   31.974117375489932     
   32.801307788505980     
   28.611119369750206     
   29.994049035467924     
   29.119387593621273     
   28.775830138638355     
   30.428940522823392     
   31.139121915998754     
   32.109584407846867     
   30.285430286264475     
   30.814567800436222     
   30.168058174790851     
   31.563030443165317     
   28.541049547557908     
   29.372030669001635     
   29.737075779573068     
   30.256958383096350     
   31.334864151558854     
   30.149600137938950     
   29.293603493583852     
   27.811494820140382     
   26.120027579556677     
   25.847636708001357     
   25.961972043566398     
   26.796190371965984     
   26.761180934606347     
   26.309013573227066     
   26.318270958394365     
   28.310111329945720     
   26.716904225227175     
   25.917414909529413     
   26.033374648881313     
   25.982302026889730     
   26.643968543807009     
   25.585544587359415     
   25.039349156473421     
   25.678801404059833     
   24.996161765592554     
   27.338522598633780     
   27.468515961684869     
   26.739443322326689     
   26.373822882002671     
   24.274853770033321     
   22.885926285794930     
   23.221661852778464     
   22.336076995128295     
   22.721911826102776     
   22.298217968407737     
   22.365843813100906     
   23.818828435206651     
   24.097533472428509     
   24.336399769826194     
   24.605491216230622     
   23.748821084795928     
   23.438027674862699     
   24.545509855855073     
   25.777783553147927     
   24.309205580798576     
   23.530475107376891     
   23.529520644650276     
   23.848608979945194     
   23.731104275839225     
   23.986361758926584     
   22.173959783524381     
   21.202825236276652     
   21.590305610323803     
   22.101285384892918     
   23.132435881406128     
   22.541360245462968     
   23.050073623833267     
   22.077880167999595     
   356.33817041697239     
   263.55730968439457     
   231.80809703957442     
   208.34796765591017     
   185.21435474741156     
   168.03642014274425     
   159.67514663437515     
   144.22277769046934     
   125.53319948474692     
   110.49450235950968     
   100.59619257670288     
   93.187821709961838     
   83.729550427630755     
   80.345543770763328     
   77.481204721462049     
   72.777301721080875     
   74.514300105465566     
   65.508759853588600     
   68.875637554822305     
   73.394424336458854     
   63.043484538799589     
   53.915217436455293     
   61.376770712865486     
   67.814465619487052     
   58.607386111624265     
   55.634229877512617     
   55.242025761229755     
   63.508569248326324     
   62.156265671349345     
   64.596937951029929     
   57.085590724876297     
   53.835968138461467     
   49.870410235185460     
   60.614482994446313     
   58.923895848603280     
   57.578549658725166     
   56.463311773932617     
   56.858499591383001     
   58.019386207284761     
   58.491979603801937     
   54.878175541742607     
   58.703256977017944     
   54.296313515603153     
   48.718107537659307     
   52.244870817877640     
   48.717452653204127     
   54.577363309136793     
   56.420742075659490     
   60.234812933044196     
   59.443638931443374     
   57.032945736006049     
   51.504762309401755     
   53.755440735440928     
   54.738306254035095     
   55.991331839446275     
   53.818492887104668     
   51.476653488465935     
   51.269293020307565     
   58.957605406636134     
   48.618155579476465     
   52.925540823571282     
   57.423452773442364     
   55.269943374433097     
   54.474583602488309     
   54.517248887784973     
   50.901861668031387     
   46.260206245909501     
   52.673790235863081     
   48.526317597235895     
   52.410132071060445     
   52.763304702157484     
   47.922519431076879     
   49.972260742101035     
   49.500247768785613     
   47.451613592014994     
   42.769066905331130     
   41.880063779292897     
   42.916515767698790     
   40.321572711634580     
   37.229027123884535     
   38.195927015520027     
   35.592649856138017     
   39.196393633571276     
   39.167303622607029     
   41.789512190802725     
   41.116362388831433     
   39.661449387430629     
   40.252167068446639     
   42.691346289784320     
   36.744204040558429     
   34.943487497448139     
   36.566793999967842     
   36.377922480484465     
   37.938373847148178     
   33.914457892101851     
   38.771442190037803     
   37.204874288672237     
   37.114366694223186     
   37.022000576747715     
   36.847987585083366     
   37.783180982895090     
   35.756873368495413     
   34.489888871886862     
   36.036725278672385     
   38.817008060715906     
   33.895695876938923     
   32.626196617592385     
   32.441573535569006     
   30.681516170099847     
   28.960798382889589     
   32.589170735540257     
   33.129319832858691     
   33.778614759852218     
   31.174914740935677     
   29.212463340157107     
   26.962933250641825     
   28.656144965613734     
   29.187808748622700     
   30.404838470239781     
   29.345284035618004     
   32.502320231241555     
   28.959542376848400     
   28.290897822762759     
   28.234085616362290     
   29.597704010967334     
   26.836983832664593     
   28.875161350424271     
   30.088344954557197     
   25.442472312349203     
   26.086544610257832     
   23.127166841900468     
   24.612156824882163     
   20.995831461040463     
   23.758396834654441     
   23.983640618703198     
   23.935051987919092     
   24.796856933061683     
   23.896306727272403     
   24.480334590819581     
   24.822512696771678     
   26.918980202054996     
   26.233333340257900     
   25.748878327675008     
   26.876092301010640     
   26.764893733341562     
   23.646529906886251     
   31.807442866123619     
   23.614035844936957     
   24.785986253400289     
   25.104313219818970     
   24.567885485187002     
   25.324675905291375     
   25.988999987469143     
   23.734942806326437     
   25.388382177966530     
   19.738493261726546     
   20.380947144689870     
   23.639321242370634     
   26.418186063971412     
   25.144367219399378     
   24.259382787476468     
   23.930542019344877     
   22.585270599853963     
   21.785504804617634     
   22.698919697136429     
   20.661023523960381     
   21.355815943002312     
   22.354787007185021     
   21.569092536645172     
   21.163029800489447     
   20.458355039296020     
   27.574217779414166     
   20.693888912852842     
   20.365800947089468     
   20.098842376347612     
   19.219149945335339     
   21.050992832855531     
   19.876592824868972     
   19.725960960012806     
   20.376561192011486     
   20.528054518959060     
   19.362546546307097     
   19.739379978603125     
   19.140213974379549     
   18.771339060958841     
   19.531240357852809     
   19.522712072634434     
   18.987079088151237     
   18.174744672079964     
   17.976754634598720     
   18.154119143895464     
   17.848662120462389     
   17.928242069847368     
   16.246195832858334     
   15.290815274412324     
   16.572752090545272     
   18.634138796535925     
   15.343465656110839     
   14.973005568961206     
   14.987361285278634     
   14.464196417471944     
   14.477658470339367     
   14.574290115531316     
   14.586087247496932     
   15.555916721959523     
   14.071739355799181     
   14.126457696149462     
   14.693894650886909     
   14.238247810532425     
   14.326826644562868     
   14.675669350489626     
   14.464824774408704     
   13.525614218845933     
   12.821661278940942     
   13.159221007161154     
   13.146708431049795     
   12.990544330032778     
   12.936679276852786     
   13.786230930053236     
   13.074826259602403     
   12.989887012801653     
   12.608989897829201     
   13.382135256037643     
   11.878449500271621     
   12.140016723252947     
   12.265414384011432     
   11.494852478161366     
   11.445450043915436     
   11.194040452149570     
   12.014049361015745     
   11.482401790180905     
   11.823363825383128     
   11.475573825024510     
   12.233078777879637     
   11.198393228145726     
   18.029550288547444     
   11.836564747710504     
   11.058111821549510     
   11.842788607173608     
   11.385150195864245     
   11.574520442286023     
   11.664404444566307     
   11.498556641556366     
   11.694997851046013     
   11.726394569247544     
   11.537855503403170     
   11.564475406221664     
   11.446622961433915     
   11.500237322208571     
   11.296217479285380     
   361.13505228908116     
   285.65706194872348     
   256.53463708405212     
   234.82622156893112     
   204.65935875861391     
   185.27438713580602     
   175.33283754561808     
   155.45895128547568     
   138.13768466013337     
   117.49519748440468     
   109.64633340233260     
   96.747201057862384     
   96.252478821621480     
   88.757882259718457     
   76.987790641998060     
   72.280620043927996     
   67.593663445951904     
   64.821389771947693     
   58.694920823273442     
   65.688441683446229     
   57.852390258184620     
   55.975874223426459     
   57.381098375627886     
   61.556851589353741     
   51.053355763024115     
   57.420285447315663     
   58.400210923929535     
   63.149311709404699     
   55.181916067560522     
   56.097514067028698     
   58.764360824311908     
   51.743551984579355     
   46.540560910610701     
   50.898147948610699     
   50.783106252348233     
   54.958863545107192     
   49.434829150509543     
   51.298377464889171     
   55.317153171503932     
   58.164397114085183     
   52.200369444671828     
   48.473944054491120     
   53.843693161230746     
   49.779648923080032     
   48.709581135529618     
   46.520276065752782     
   55.438267513169727     
   52.274446028565194     
   56.766683393404392     
   53.506161153458677     
   50.179955653319382     
   49.353940935373174     
   48.585489981458920     
   52.368187474084351     
   51.886954164497254     
   51.324112951689990     
   49.555789477017186     
   50.022840970847355     
   46.741986521859992     
   45.090078246512711     
   52.561654593013877     
   53.126238064650543     
   49.006547114923215     
   46.063724742342181     
   46.551341423598068     
   50.424133820430640     
   41.862372361926099     
   42.626744649095073     
   39.641427280980345     
   47.532013905534207     
   45.802703699423049     
   40.236676113314410     
   41.010866133044949     
   45.442584473823743     
   44.457318414506759     
   40.286627662693533     
   40.428455421390375     
   39.974434368855817     
   37.155122880923926     
   35.650857969501601     
   37.564212717603851     
   33.925138103157600     
   38.793187065253804     
   38.874481974775478     
   42.465646914513471     
   36.410190398427851     
   37.326601570485927     
   38.651225544877065     
   34.929148433894291     
   37.184088236652926     
   36.326834087333438     
   35.260721514979878     
   35.744365651697976     
   35.027193886993899     
   37.042228815579556     
   35.821492571285880     
   32.016211249750206     
   34.369199305815087     
   37.683783035244751     
   32.441740612818109     
   31.113768367507497     
   30.332223549051129     
   32.964357612948859     
   34.037079458437510     
   33.606150503766713     
   33.005026514401372     
   29.385756703286336     
   29.929654940388222     
   24.617683178942130     
   26.332525688797148     
   28.814843618930592     
   29.098888127564905     
   31.757101911807162     
   27.450855878458022     
   27.885196798440649     
   26.292873552216559     
   26.246930045525886     
   26.534083976981957     
   27.452630578365859     
   30.687384434839391     
   28.459990440115035     
   29.553919134106557     
   29.381428395549595     
   26.415531336671528     
   27.263503606221036     
   25.194519613848573     
   25.590235236881718     
   27.459446374091435     
   26.147289404286546     
   25.346861977392919     
   24.105878978843290     
   26.018913487031170     
   22.271873620676772     
   20.271468229303572     
   25.183431747972779     
   23.315999053045608     
   22.929935816345996     
   22.660839803108747     
   23.383975611575259     
   24.532099275119343     
   24.215680686586147     
   24.267798653198884     
   28.851208625035664     
   23.505781158825712     
   24.823423034321301     
   21.607326915105055     
   32.921160046474135     
   22.731982581706028     
   22.000001061820651     
   25.625769830585504     
   22.995092345868525     
   25.214541454525133     
   25.132906798548230     
   22.330825256844296     
   22.562752986290789     
   23.859438114632507     
   22.328945932174562     
   21.944885907083545     
   23.165180104710380     
   21.796919581017558     
   24.766887827032818     
   22.290398035098097     
   22.346689686922730     
   20.182581393376616     
   18.669716346504007     
   21.020881875957169     
   21.548574102678941     
   19.784173295212661     
   19.262129131710509     
   17.902417845228694     
   19.459197292326671     
   18.175059542233626     
   17.770417929052144     
   17.708573472943112     
   17.508286962752678     
   17.688456142898175     
   19.200003929299619     
   14.396443140944331     
   16.192228999760488     
   16.771467282470734     
   17.542620985810739     
   16.388459063458768     
   12.705213701828324     
   15.031919594502165     
   16.763470688441821     
   17.391971193296939     
   14.711896912040238     
   15.653199119580744     
   13.723103452498673     
   12.458607178434772     
   12.295771534354916     
   14.362843011784634     
   15.106990429204668     
   16.431471931757581     
   17.039813086044376     
   17.232093258666801     
   18.382590210269139     
   16.353998532628623     
   15.525854647079559     
   14.207216263502751     
   13.669925850030465     
   14.277480695870265     
   13.992052891228107     
   13.815200592476149     
   14.769078134911794     
   13.090918529275857     
   10.166023293180141     
   12.604481337517800     
   12.547742485060656     
   12.149425658716494     
   12.340192696398480     
   12.321502715495106     
   13.302433542107174     
   10.207410452659612     
   9.9694665668828470     
   10.686191423501693     
   11.918646126593332     
   11.680540122056048     
   11.970439394432915     
   11.535251898948662     
   11.110090976480333     
   11.008951491493782     
   11.023129232882829     
   12.323587043275122     
   11.776377196380777     
   10.889596164630266     
   11.056160834982993     
   10.355055076567258     
   10.464146774047828     
   11.364704146499591     
   11.245885105281996     
   10.832713497055980     
   10.664088862488647     
   11.278847366119351     
   10.588744853643828     
   9.8057662198287048     
   8.9760450125041658     
   10.354927187732065     
   9.7466992581856129     
   9.2165789748823652     
   9.0964602141736179     
   9.5033423235457324     
   9.3275224150509946     
   9.0555996380854449     
   7.1581290790528689     
   7.1173620704214624     
   7.5493560923599823     
   7.8399368593499226     
   8.0563169920163773     
   7.5904662361672841     
   358.74263265708868     
   293.76597433335587     
   267.32089604742157     
   245.61329155084033     
   223.68887223508878     
   205.67046755562922     
   181.45396405061226     
   160.53662467919179     
   140.56229367449794     
   126.53535585427262     
   109.87039114738141     
   98.825781823080547     
   103.73003122795019     
   92.756312987231439     
   83.427109931812623     
   71.856682728206721     
   70.462661887694907     
   67.006913816647341     
   58.720771554369094     
   67.449428920702104     
   56.328882493908282     
   58.694570405429857     
   64.265898617222931     
   65.184137930428818     
   53.825680585929895     
   59.979524464159404     
   53.710754508118669     
   53.493884943895573     
   56.631392793006853     
   51.093461722488492     
   52.183153389737896     
   49.976184384951772     
   46.796652869486834     
   42.468114716999835     
   47.694124254429674     
   51.181482586635823     
   49.929859058427965     
   55.455468849423234     
   54.059873703710196     
   51.377681240421808     
   48.364305952053130     
   47.425804326464004     
   45.703841041325909     
   45.999928513396405     
   46.283775387016696     
   45.583887629677882     
   54.037916121877785     
   49.514756583638324     
   50.177220937302707     
   50.917240357941090     
   48.879622168299086     
   45.675843544288036     
   48.139976129103410     
   50.702098260092399     
   51.265115321951427     
   50.041782604451249     
   50.968604321279422     
   47.743529983469806     
   40.100218568643321     
   45.421888534714881     
   45.664686476199435     
   47.067578480183229     
   45.529573632933044     
   44.070216007628645     
   43.266146844551656     
   46.238917824911574     
   44.491607414037873     
   38.883409820570918     
   37.333005976004749     
   45.726108646670092     
   43.692278805136141     
   38.682143206038653     
   40.190075079772086     
   42.947540935742524     
   41.477201506165301     
   40.686139324544683     
   35.823819888917654     
   36.609426667346028     
   37.053769855471224     
   35.406573855624515     
   32.913539835260174     
   35.783827927063058     
   36.077788493189857     
   32.384102270084306     
   36.738602986373373     
   36.158079598221349     
   35.204049049151351     
   35.731008377717387     
   36.077101418505272     
   32.811101742039114     
   33.311251760666217     
   34.706903767286221     
   34.649156781425901     
   31.365993326465755     
   35.872849322359947     
   35.730938946914769     
   31.488801414222923     
   35.929110357205083     
   30.001023452468917     
   34.182222064655292     
   31.071044182409622     
   29.845586598847525     
   31.454777836314214     
   29.605957895128256     
   32.790778421597096     
   32.757308076400314     
   28.632112310068038     
   28.235126203594213     
   26.054459020159811     
   28.080527501460029     
   26.337010292802411     
   31.164810547703141     
   30.461716589994438     
   26.711116641857650     
   24.352680251991092     
   27.703150146716023     
   26.078662519255644     
   26.193089143209420     
   24.814472722022483     
   28.054418679122783     
   26.950434231728302     
   28.357665527399007     
   24.234349643483348     
   27.745272125725446     
   28.797477912365430     
   25.656925574142623     
   23.824915387813824     
   24.537321304044525     
   24.593009252765409     
   24.996545039506866     
   27.130333584230630     
   23.753763303338140     
   23.952677245556934     
   24.431557589632419     
   25.691411863336135     
   24.005217086240755     
   21.143990598394112     
   24.491814470105350     
   24.757848868279083     
   22.126200779808425     
   19.856905498468031     
   26.080817143071886     
   25.157281058040979     
   23.884829220292435     
   23.077400074604871     
   22.054933896939790     
   22.404463789815019     
   21.200774121968827     
   24.427132870650944     
   26.866407189134780     
   25.169405802526740     
   22.532245505489406     
   23.467458089106003     
   22.876049171976668     
   21.839832902278950     
   25.018176790421197     
   18.300577066556738     
   21.351826749983285     
   20.334282775327793     
   19.306262395186874     
   24.291988666814444     
   21.813296346773903     
   20.910088517299094     
   19.111084271106169     
   16.206153772053725     
   19.349631991465198     
   19.918712830342582     
   19.888981897618681     
   19.034784296089750     
   19.999345279070486     
   19.287819438412210     
   17.876367173609111     
   16.891713956577355     
   17.345469416362540     
   16.072334604288436     
   17.001755094883016     
   19.684551659615217     
   16.922916230410163     
   16.944954133929087     
   16.441409857507264     
   18.010004975361852     
   15.821112525723496     
   15.642065615297211     
   16.708867821165768     
   17.819215476601535     
   15.845041929683001     
   16.088683583187937     
   14.049169739827457     
   14.308779671306247     
   14.277071543798902     
   14.976696703488514     
   14.118215501590244     
   14.126741478243702     
   15.100147614523738     
   13.191298697582457     
   14.311967110527259     
   16.702510820279567     
   14.803556964193721     
   13.416370006065030     
   14.382548401624472     
   14.229204795743366     
   13.484021774695481     
   13.881911783215520     
   14.563217729880284     
   15.445949868829777     
   14.406667669843550     
   14.144982572355811     
   14.792742522864669     
   13.481850187090391     
   12.936919839812781     
   13.570881418341964     
   13.293231494867248     
   13.037317960003968     
   12.298300764848459     
   12.029641370687717     
   12.373602051812759     
   12.222827617417073     
   13.186876166752402     
   12.868349712042306     
   12.351116091328494     
   12.297552478129868     
   13.005661490263439     
   11.094765026728528     
   11.015157354583124     
   10.885427855791157     
   10.120399396155667     
   9.6332921547150470     
   9.5739802377565049     
   10.824316871968209     
   11.669494859143065     
   9.3856129456238691     
   10.256198278889691     
   11.233467030192370     
   9.9812443439871537     
   9.4235379970940212     
   8.4222305958219650     
   8.0033776029431642     
   8.5292403602514568     
   9.2738829209633664     
   10.873491368070841     
   10.133825840848385     
   8.9862060474371326     
   8.3145370086549999     
   8.3700439244580345     
   8.1216626268450351     
   8.3531290999970302     
   8.0251464393284184     
   8.2317191282886348     
   8.4241269199774784     
   8.6572056064542249     
   359.64493713650108     
   303.75005066575358     
   278.25704391033435     
   253.92142640533450     
   230.92040470868591     
   219.46384713619949     
   197.19703794349235     
   177.11503348872321     
   148.79375363687961     
   137.29384222382299     
   117.92092111331004     
   104.53478563884002     
   107.79488885718757     
   98.423966040297898     
   84.672600413704458     
   66.049872214613401     
   67.124574536561141     
   61.608271135627582     
   47.579786744807322     
   54.438917366692102     
   55.371442521831014     
   62.553308694521171     
   63.275497734949916     
   60.489652823693419     
   53.455909459341257     
   51.879200639495508     
   54.773937139009675     
   55.195240292661268     
   50.591416494370023     
   43.830214046664366     
   43.577868546449082     
   49.032592649698508     
   47.947235945596695     
   43.820619321277064     
   42.668598822675463     
   45.883976270095872     
   53.072793594892104     
   52.461677289863530     
   53.167994521718853     
   52.640309952544925     
   52.075339166947600     
   44.507571830635200     
   46.777720688490874     
   41.510444218571457     
   41.201285066875819     
   39.982004897826847     
   46.343412202688533     
   44.960825283915156     
   43.657990004216970     
   47.986660845836717     
   46.464708244039741     
   47.269754795804168     
   48.814576279919322     
   47.744215955259321     
   48.900484417140291     
   48.649911683043811     
   48.007869330382178     
   46.015793885089550     
   41.023520273132689     
   42.471009781291698     
   42.972451181560288     
   42.539114757028841     
   43.106356704650672     
   45.612991718437783     
   42.358362085414967     
   45.439716109516702     
   44.301055449626062     
   39.055461326554152     
   43.066635797025143     
   39.948927561189016     
   40.890893937847160     
   37.186198723859249     
   39.556806637059438     
   35.057017214175993     
   37.232414163485927     
   39.722265153096387     
   34.767888986630524     
   38.112684578607613     
   40.206981195853629     
   36.422300258948141     
   33.898320940018856     
   32.985433173068365     
   30.881562834296346     
   35.601344097288290     
   34.091901585736281     
   32.248856310645728     
   34.577528011813584     
   30.529679227002180     
   30.581895533712792     
   33.553032403428169     
   31.915647933884685     
   31.651598701993478     
   27.040800148891829     
   29.323598644000306     
   36.588102051594802     
   33.513578923104831     
   30.354210222963925     
   31.550345870812407     
   30.320218068050391     
   30.354569946217374     
   29.575290674697332     
   28.966279019837440     
   29.733007846201442     
   25.240599925305300     
   30.429475502609421     
   26.660339401869535     
   32.492980943263824     
   27.501555981278653     
   28.964181740019651     
   29.903518524685268     
   26.793306272836762     
   29.283103746104747     
   28.876018372470909     
   26.778669452968206     
   26.794216612196600     
   26.250979683272810     
   25.539533150378407     
   28.365899098291006     
   25.783060511513646     
   27.079994454423858     
   27.164595208475784     
   26.998750630810918     
   26.648985665208805     
   25.098866567512587     
   25.636346082832713     
   22.443036398658521     
   21.292475047878447     
   25.066306601113006     
   24.238247318491183     
   25.204484481896198     
   27.999343104549947     
   22.013901105054050     
   22.921435136386634     
   21.003627747908805     
   24.304853377777857     
   26.498521998085565     
   21.769508292727195     
   26.653550192633393     
   25.590192236671534     
   22.657532153942579     
   21.621197926664678     
   25.759515105529719     
   24.713719079400875     
   25.068845528895285     
   22.888501943294628     
   25.110475852788866     
   20.805472794949793     
   23.544515832716488     
   25.484826066744237     
   23.822608835262979     
   24.212920500867259     
   23.156862674051141     
   22.679674889215832     
   22.049952390183833     
   21.339464412581840     
   22.303491927766547     
   19.683424381892362     
   20.819860916668297     
   20.017589157387700     
   21.866550463098630     
   21.826408167792884     
   19.369870082171126     
   23.081690249402929     
   19.855157570020694     
   16.834168550852613     
   17.340908712873524     
   19.547344640695890     
   20.091909125796139     
   19.495567069511551     
   15.755498438794461     
   16.178540646238094     
   15.964000174007557     
   18.044834033055096     
   18.709418598657759     
   17.620578001695421     
   18.721679055808242     
   18.514255523363179     
   16.184941992593156     
   16.209849576410356     
   16.888357284013544     
   18.006337323939810     
   16.373564848781740     
   15.281924754646653     
   16.365349362313559     
   16.240516109212006     
   15.067223287253293     
   15.670059340217497     
   14.185108053198476     
   12.632473360739020     
   13.832275984146992     
   15.111442552611539     
   13.068626874712741     
   13.209298377747398     
   14.419158985592631     
   13.271810468381517     
   12.763873429874481     
   13.160638144507949     
   13.698130367699083     
   12.731614428134714     
   12.731945932678503     
   11.539832321383585     
   12.571186880823742     
   14.032232614930937     
   13.479969227066400     
   15.046701191203166     
   13.141718297674752     
   14.867944984679655     
   13.495197116688797     
   12.791659733110528     
   12.727999867816228     
   12.917689741521958     
   11.507073667215950     
   11.745418818769267     
   10.205582552104353     
   10.725044849788659     
   11.029765331152539     
   11.189726431874544     
   9.6577267234911250     
   11.063588583723387     
   10.728964170307680     
   11.109906608194430     
   12.021730294789140     
   11.169568199323963     
   11.382927332632226     
   12.170204820212476     
   10.638769222608730     
   7.6994142777980557     
   9.8223383215435618     
   10.576169227112260     
   9.6215105655168820     
   7.5117913833937884     
   9.9090585569036520     
   11.807524826354799     
   10.167631224410602     
   8.1610331852258042     
   7.7208785518196628     
   7.5961712710145566     
   9.7165153219258684     
   9.6466855670478431     
   8.8218538212814757     
   9.7460291782502715     
   9.2866716819767099     
   7.8298235770273772     
   7.0311601312195311     
   6.3049819995347267     
   7.7835915847868851     
   8.0287077669643807     
   8.2286120899689141     
   8.2092765073646845     
   8.8302234125899979     
   357.36745310166867     
   308.95832749064027     
   284.42161555189642     
   263.21462153630142     
   242.69575790318436     
   226.18281359042149     
   208.31207491222284     
   179.77175771159742     
   161.33662847319579     
   144.07726565149736     
   132.46271852304022     
   117.39574276752623     
   104.77253931427801     
   102.29291887529004     
   84.641045105773500     
   72.335756348576083     
   66.743168110252768     
   61.285528660163024     
   60.686155091682174     
   53.418210273459437     
   55.991349762228452     
   61.414957996531513     
   59.215342261401531     
   59.994864876095747     
   48.806165617932365     
   45.290150132494759     
   52.976915894444616     
   53.455016386439723     
   49.390363709533929     
   44.048675862133486     
   42.080977042615835     
   43.397206377224101     
   41.652281255628850     
   44.438045235784926     
   49.098088669287819     
   49.145481135312828     
   45.997165942752595     
   47.869205038547804     
   53.268316934992882     
   52.904330794002504     
   50.783260428292628     
   41.237379388711418     
   42.457204790987753     
   40.074102759984200     
   36.460869413268469     
   43.860705667921778     
   42.987454012165500     
   45.272691915293436     
   45.000713098333733     
   46.895967013742215     
   42.187890002521598     
   42.093694203300544     
   45.237572524761767     
   45.146369280309919     
   49.197200743468009     
   48.081959470726552     
   45.249063206862274     
   42.857601001873093     
   40.753560093896127     
   42.613525342187991     
   43.922835540120516     
   38.868853971543309     
   42.952687382712909     
   42.952344137142461     
   41.901132563384749     
   40.719591434431706     
   43.175906052827933     
   42.273469443427558     
   38.625371926796014     
   38.762026919043379     
   42.941886386378286     
   36.318491400966863     
   36.620370303031891     
   36.404193699659103     
   34.074220870057012     
   38.403445863168159     
   34.162413830412582     
   32.487459313083129     
   37.471857940098971     
   37.494098226379528     
   35.617699026182478     
   37.288185645949397     
   37.150014919092740     
   31.468043433969552     
   29.063098304132225     
   29.645645012440173     
   32.917720336698636     
   32.401554541061536     
   32.472131233480638     
   31.617552538058142     
   33.387034580390235     
   31.017730109766688     
   31.200402017896881     
   31.108150422099850     
   34.071270632638395     
   28.768244141820752     
   31.576927312825259     
   28.975052651362674     
   33.172796159907627     
   31.257565261956515     
   30.560760114529426     
   30.658026006805407     
   29.104525755157820     
   28.723527680289891     
   29.968507287996800     
   27.661763031616207     
   30.493032865256332     
   30.719704372905312     
   26.527917665602139     
   28.259409236227604     
   27.162470064191268     
   30.255948159457308     
   29.230575367777121     
   25.119895680651648     
   23.792019188332244     
   27.852302858794339     
   27.201054993309896     
   26.548376622124209     
   26.593695045253781     
   26.321295832750472     
   28.469289372787689     
   26.611008390298277     
   24.622277405465574     
   27.145572193897550     
   25.758866795092196     
   22.609509882482939     
   22.891959905215202     
   20.752356514434794     
   22.791949989767897     
   24.920522271835281     
   26.451394148846191     
   24.238170997876303     
   20.454842155212198     
   20.961193498250704     
   23.123262366335037     
   23.093299109598885     
   23.447304691770601     
   25.640410703358484     
   26.359610964095850     
   22.231961237438597     
   23.318134586355825     
   24.432684650568845     
   25.002764256669970     
   23.972454202015687     
   23.790921410677345     
   25.005476129994058     
   23.420647120698433     
   25.813924249533670     
   23.224343212788320     
   24.071199510600017     
   21.415825792621447     
   20.506603256200840     
   23.918321723957447     
   24.062405231574232     
   21.223086933556118     
   19.607806946149964     
   19.968429297264041     
   22.816042472574864     
   21.096927491680248     
   18.970786605574709     
   20.625300416852021     
   20.155153207857865     
   20.619776179859034     
   22.384313957219586     
   19.939364536695731     
   18.075881572614541     
   21.043487796737423     
   15.987643681444910     
   19.248771599485135     
   19.325663570057642     
   17.455198448134318     
   17.871442544718224     
   18.680054135347522     
   18.724508849493329     
   16.228927524521843     
   19.082726372298140     
   18.102273499513522     
   18.672975836186072     
   18.636451215819797     
   17.817178703043840     
   18.760943724933792     
   15.911266779740485     
   14.466795216581774     
   17.074204734103201     
   15.970707824652376     
   14.842300188228993     
   15.546597442361733     
   14.315286559971963     
   14.433709155714524     
   15.021702903741508     
   14.965946036090902     
   13.164683166281646     
   12.620820973376150     
   13.249268156498491     
   13.690526204678283     
   11.681526276142488     
   12.958988208516994     
   12.698898928053922     
   13.359156260994840     
   11.571690027028103     
   12.475290617439327     
   12.675102227353396     
   12.361114011581673     
   13.441107968020848     
   14.855632158808358     
   12.798452030535849     
   13.703368239606572     
   12.338630729299982     
   10.569615035309415     
   10.929893564657807     
   13.121587206438582     
   12.169629525256255     
   11.370371734815658     
   11.691852042210179     
   10.951726373308556     
   10.964337009213688     
   10.468402412284510     
   11.244818612883737     
   12.399853234767175     
   11.651818855853886     
   12.896190819097949     
   13.371906063260418     
   10.901223153416687     
   10.370072511048432     
   10.148214635411884     
   11.364417178668454     
   10.717549908291161     
   11.555930585460594     
   9.5442487348562697     
   10.501977037796520     
   10.446484161643619     
   10.033602647295066     
   12.088335378383890     
   9.4937497932592905     
   9.6175504190224803     
   10.781638471094716     
   10.785295946436406     
   9.8238721484154290     
   9.4279999863399961     
   9.9840882637663242     
   9.6950463512345664     
   9.9579278433873561     
   10.672986317597127     
   9.7983450681841830     
   9.3603474143289347     
   9.1178910061778993     
   8.5747329135281696     
   8.7078586822850230     
   8.6586343622707318     
   8.7475383717264990     
   357.38624107548793     
   308.58084886965349     
   280.92278972179940     
   263.30503565109012     
   248.29978485723120     
   227.49357819460579     
   208.50337644997236     
   188.14215550082855     
   172.16602587812667     
   148.92923996330700     
   135.21983894498416     
   122.95317220205038     
   101.89181405363679     
   103.57327714063256     
   81.905947642808201     
   70.482844522545903     
   66.597151547801644     
   67.607537943633488     
   60.394847689543397     
   48.955155928475321     
   59.770226674679357     
   51.808556958469595     
   54.598312469678817     
   60.445984711871418     
   49.789736872229327     
   51.829085435856697     
   52.197292003906256     
   54.417099802522479     
   46.774555326207022     
   40.329766681352908     
   49.153887289324842     
   44.407517411034362     
   47.843609992677813     
   46.522400293605735     
   47.823647107248831     
   41.794808125012608     
   38.548658810688863     
   42.954956711601824     
   47.953809645762760     
   53.713235715321233     
   50.938558748211484     
   47.761823600626542     
   42.013723221326330     
   38.957307419861216     
   40.786886408208339     
   44.097839684543189     
   42.308259615353364     
   45.028201324154878     
   39.345850166231592     
   43.514544881335311     
   43.259432680981419     
   42.104099730351969     
   44.976892155138813     
   46.485973020963151     
   49.281023870468935     
   45.172558691495098     
   44.148328129410814     
   43.843114048958142     
   38.942957147298713     
   45.016050624506661     
   43.728412678112299     
   40.753193929853637     
   45.954935846282609     
   43.309854326498794     
   38.338139932705836     
   40.969911541801579     
   41.034251195574193     
   38.125623474453640     
   38.340205533791362     
   38.478892653821241     
   44.084665731914328     
   42.220205953782269     
   37.985244228181259     
   34.564289401722597     
   32.487914499860651     
   36.216351235933473     
   34.989472457746182     
   29.084453180692453     
   32.430838531117821     
   33.391711110887670     
   39.889789625791423     
   37.537286581193342     
   36.224714024250829     
   29.601413196393736     
   27.951817283424166     
   29.894519505013886     
   33.541775373640220     
   32.716275855566060     
   32.647797066503877     
   31.985444519114349     
   34.531924877720030     
   35.238017967049473     
   32.385958260198606     
   32.574444269955258     
   32.442726809382350     
   31.675247695860755     
   31.246733490498844     
   32.124175301789343     
   31.437082762984112     
   29.679355407249350     
   32.420937682946203     
   28.962311886939755     
   32.105693082013950     
   29.535072164083097     
   29.290926305919449     
   26.986290323432257     
   26.173223057044957     
   27.304632768653335     
   25.357459587492876     
   26.672790757906096     
   22.548186714522430     
   26.011408103551851     
   29.425375735086540     
   29.148405716396610     
   28.660286073535904     
   28.508717920194847     
   28.643913806177252     
   27.743986802507685     
   27.670466402545134     
   26.242218362201548     
   28.495560902474107     
   24.083856724585161     
   24.713255974688046     
   27.503031190337488     
   25.349038087403088     
   24.268490241759554     
   24.637401618667869     
   21.318173172796975     
   24.040030950769989     
   24.181547473334149     
   25.848120999511469     
   24.090594315346884     
   22.626634881648865     
   22.434190699281977     
   24.989177653447708     
   23.759272301337578     
   24.057060087256517     
   24.479185079983324     
   24.698586880844154     
   24.990290720014052     
   22.939053325330551     
   18.146909153632983     
   26.281198870179932     
   23.076267005423286     
   22.901077060233646     
   26.485306580714145     
   25.046995602464737     
   24.815098580603198     
   21.516317681347306     
   22.181145370995281     
   19.468100163471611     
   22.483607177324380     
   21.640725349561539     
   20.730790780206654     
   22.723227437994979     
   22.271837014617862     
   22.416070169721650     
   21.292147453612529     
   22.679912274680962     
   22.100824114898010     
   21.314515536499911     
   19.339336944289588     
   20.642783307453900     
   18.394495808731573     
   20.089401343518492     
   22.481110737595245     
   18.089400783932014     
   18.363261806484950     
   17.510811233250152     
   16.227734948733712     
   19.589448557367760     
   19.302853400076980     
   16.967983860932517     
   17.136920940098477     
   15.855591926767989     
   17.111241995102887     
   15.026311717097975     
   17.276831882115339     
   15.859861781613381     
   14.618096533658694     
   15.571735179936319     
   19.014551384582585     
   17.110202537586240     
   17.797992002480729     
   16.882371524962238     
   15.461140286083614     
   14.701572357357774     
   12.895758563065879     
   14.331231742532715     
   13.070050515226733     
   14.286469290270693     
   13.858260187404897     
   13.971393660400123     
   13.119035913103740     
   13.315695097216965     
   12.108864386313421     
   13.894576858239152     
   13.607235294674821     
   12.855333606824384     
   12.941908009469214     
   13.209551843686878     
   10.751576229354985     
   11.975071593740260     
   13.322483170021640     
   14.925972602017220     
   13.408989984668207     
   12.819059327174820     
   12.958737052419210     
   12.357311136562275     
   10.226427174054407     
   11.936376982625420     
   11.713201463649924     
   10.397338614915665     
   10.446211601456147     
   12.186184494649673     
   11.784502896636681     
   11.097784292490346     
   10.767345322908710     
   10.337046095827500     
   11.132136175198667     
   12.175514706078150     
   12.305478521940026     
   11.673066585158105     
   8.9088885277293066     
   8.9444061400833430     
   9.9890770271351137     
   12.211825659396769     
   10.107369682596627     
   9.3052632326881408     
   10.255208330709355     
   10.216747653224036     
   10.900299250641790     
   9.0292691320498069     
   12.045951964451683     
   10.626012861259436     
   9.3039808925216647     
   9.8169388433503535     
   9.5684220216469527     
   9.7711032179626738     
   9.3309875175640720     
   9.0086909563211588     
   8.3302093449371757     
   8.4892600972814627     
   9.1790670413956388     
   9.6662938185426253     
   7.8607148304290320     
   7.6382366325929807     
   7.9044326257651463     
   7.8595062786539449     
   7.7042754146440648     
   355.87295658004973     
   309.75027141891553     
   289.32404730815853     
   270.87524355613635     
   250.50705105546032     
   226.82079441383274     
   209.31312833711686     
   188.72022981188351     
   170.03265376387043     
   152.26547910874319     
   136.12267673101792     
   125.42481652035478     
   107.16206316685451     
   101.77788961803705     
   87.704935593470978     
   78.651742617462745     
   59.986410700742312     
   60.260995009285409     
   70.681040272561816     
   57.080465487912285     
   50.611937421544951     
   49.257324064959022     
   60.320225000464774     
   55.191177597629597     
   53.118801704508599     
   47.428418572408887     
   45.907011600741185     
   46.151847653193187     
   42.022972157398655     
   42.157468575022051     
   47.051292249449432     
   52.061187063415346     
   56.161248087131419     
   38.453685800321466     
   45.847351281142224     
   43.016354440116473     
   39.480588207805013     
   42.818278890347429     
   44.627785339875842     
   47.136267981979699     
   50.242945922784976     
   45.044841348027376     
   36.435517418596682     
   41.508061123072594     
   37.888293468072945     
   35.989440266565580     
   42.135834748914313     
   41.473331778406603     
   38.738923784223999     
   37.949072353055243     
   42.143482142850623     
   42.975742528412908     
   44.990968935643075     
   41.100778165173224     
   42.572133986455995     
   44.180775688648225     
   43.638016893192500     
   43.852056407757239     
   40.710143581319088     
   43.791884737254620     
   44.232547944665470     
   46.930919705413785     
   42.525455373244959     
   44.414474058255990     
   38.829345785630672     
   38.055440710158187     
   35.870419887377409     
   36.351548202162405     
   36.217820793985553     
   37.604416950955056     
   40.137370502206927     
   42.577096568949841     
   34.034418779116464     
   37.010853482420941     
   35.312901685574850     
   35.595624220614269     
   36.098272365775912     
   30.970018524465829     
   32.366460765069192     
   27.735508998726189     
   29.611191502855931     
   32.262990885181999     
   35.211944837508987     
   33.559719875747035     
   31.420078355676679     
   29.856835208107263     
   28.994784355299423     
   34.778292372785174     
   34.468533472001084     
   34.784003734718311     
   31.708848131088992     
   33.709169705714544     
   33.109088221209632     
   32.282627135327097     
   34.994210699565798     
   33.268348545056412     
   31.631679208901723     
   30.750460902537800     
   30.757724902578452     
   28.678191277775642     
   30.007453645640894     
   31.110418471279999     
   29.487049064880338     
   27.699584011408184     
   28.310839129244869     
   26.370616788929173     
   24.478316766028655     
   24.975128041256543     
   27.291728268338044     
   27.974434761109922     
   21.272399303309587     
   24.377458068911899     
   29.304092686609934     
   29.614889074150668     
   28.721912912561486     
   28.064368949216185     
   28.638880858482842     
   26.923152646607111     
   24.097367178817905     
   27.642497748741167     
   27.850322337684865     
   23.398936616446445     
   24.493670359751743     
   25.171200672724485     
   26.417782762199629     
   24.752188114288835     
   25.049418441937473     
   21.228535740510338     
   25.448148710924173     
   22.008194223299089     
   26.260399783537160     
   23.370311250209333     
   19.985027675917621     
   20.489491895073158     
   23.223847862378832     
   23.919803117386081     
   23.884760590225785     
   23.181368330611605     
   24.306503311753183     
   23.197261254146753     
   22.119714585458407     
   20.798139823462350     
   26.356829128020252     
   20.481521966778125     
   24.812560282278426     
   27.667911851138232     
   25.104186338126869     
   24.263635810016055     
   21.244561322912208     
   21.810304892654095     
   20.062512345579975     
   23.163778580046472     
   20.252146684552947     
   21.310167315323085     
   22.065919639850613     
   21.067316483963111     
   21.192683634801938     
   20.912806828277276     
   17.771743174018965     
   20.968384527663268     
   20.940469256011621     
   17.786775098515971     
   21.167398776431622     
   15.256625966788114     
   18.482710176359689     
   19.723092865300398     
   19.282633572079174     
   21.550754919686263     
   16.081462125393827     
   16.414992727465020     
   17.672548569589861     
   17.636691775245207     
   16.529832521166291     
   17.191723467032400     
   15.210394416345707     
   16.330200180691872     
   17.266741397903512     
   16.488483043815833     
   15.627636989820090     
   12.256831272692347     
   11.809223362084097     
   16.516312080096309     
   17.308559532001940     
   14.874275971206970     
   14.800234382993278     
   14.541050216163484     
   15.373862825588397     
   14.273091384834981     
   10.331213723541566     
   11.928338877456916     
   14.010934278051256     
   13.057247856413280     
   13.187746213523493     
   13.364153414994242     
   13.265920993439877     
   11.817456096827094     
   13.344913438881585     
   11.866734387535883     
   13.384372291111113     
   14.045732509887687     
   11.290584306224908     
   11.953832688823383     
   12.231049760383115     
   13.664837025244637     
   14.969159476576971     
   13.912918374483873     
   9.3266013756862183     
   11.868644914254144     
   10.857667259074605     
   10.906518889628586     
   11.706129222189890     
   12.431076984803248     
   11.510040704219831     
   11.466398092047562     
   11.071336774303063     
   9.6952276740772341     
   8.2332470987828259     
   8.0441382326336264     
   10.468808377481771     
   12.112464077815657     
   11.377761120946932     
   10.473987807270182     
   11.617270161255945     
   10.898124104820990     
   9.7707249716626237     
   11.092871332785089     
   10.966242177530797     
   9.2095969590924796     
   9.6618067171155744     
   10.473971349788954     
   11.537926917501219     
   10.212075439951153     
   10.477191476039001     
   11.078213888853931     
   8.2318831041021863     
   8.8470708195758991     
   8.2944802185864788     
   8.2061162256535116     
   8.5767797663420993     
   8.2281997301626451     
   8.8192241826461348     
   9.2379465470790390     
   9.0600588192773852     
   8.7200647031242120     
   8.0971394839383084     
   9.8017359332465617     
   9.6836821147487040     
   8.3690612571807836     
   8.3022036565645418     
   7.8651158566578872     
   354.01352645053095     
   309.85969193417810     
   292.26684931504735     
   274.11724734397023     
   253.52334023517014     
   231.09331553515599     
   210.04348572062904     
   196.42949921526846     
   173.68894957244342     
   163.69602778966674     
   141.92370426835174     
   121.68548411392740     
   112.78262161951388     
   98.361910202574919     
   86.420485846321412     
   69.598443061677415     
   65.151410852051555     
   63.820962156521098     
   59.217125750444438     
   51.903042447997038     
   45.150262755321265     
   56.088568857573819     
   47.435276426794644     
   52.462373950451067     
   44.065317411758777     
   48.316252917220275     
   45.734067032258352     
   40.448993847216137     
   35.123837357541532     
   37.305848732142032     
   46.511011018666395     
   54.655368113710040     
   50.776678788043043     
   45.037678482231271     
   45.573153102728703     
   45.201531946426400     
   40.585696464414426     
   42.259774077315193     
   45.736359456805808     
   36.742327234242886     
   50.676668699668738     
   49.348503442142317     
   45.199807637572093     
   45.924192561655985     
   37.162988951029305     
   36.810162478455460     
   36.747864196045860     
   36.756807142917964     
   41.915538808022369     
   40.784591344046085     
   37.294278926427154     
   42.401958862752238     
   41.151748084775512     
   40.645223108892800     
   47.505312585630072     
   43.715086386031771     
   44.293794076547641     
   42.931826279168448     
   46.969556893789729     
   46.105161340837498     
   45.685343775601311     
   47.610561252949637     
   39.416232191358297     
   38.718778296916540     
   38.611133493395243     
   34.079861654113756     
   35.481585969975740     
   36.363600098264115     
   35.999966971889904     
   42.978961576554894     
   40.139112686263516     
   42.445698955787364     
   41.263842240699418     
   37.828541754304979     
   30.399598788960578     
   29.764458863907340     
   32.187947027209105     
   32.112808116278359     
   32.239102827698261     
   25.947232784356295     
   32.144101540921149     
   30.144577490461771     
   34.757277969350419     
   29.879021535278373     
   30.867909587570367     
   26.886785857729109     
   30.642816840140959     
   33.029032933999495     
   34.396142880597139     
   33.897785904006199     
   30.926057570732858     
   28.370477194090562     
   30.624114501699751     
   31.961788431380967     
   34.700498632660256     
   33.476411508461872     
   33.723118373716432     
   30.062890819355815     
   31.438012234045356     
   28.669016557986577     
   30.834765826550672     
   31.627804620488718     
   30.543651578787316     
   29.680112339868806     
   27.153176201816414     
   27.052911391796744     
   25.795604357276353     
   23.388312270892840     
   24.579217586720684     
   25.444661790544551     
   26.833341888954070     
   26.153737804415506     
   29.138776535335115     
   26.673598289642111     
   28.775603829144455     
   26.175160450542712     
   26.374146658051409     
   27.127864566347800     
   24.745686600280475     
   24.606115869389132     
   26.652866963492702     
   23.255786527814887     
   22.872509172802907     
   25.403657865054516     
   26.727962491349530     
   25.312665574739054     
   18.579841630474434     
   23.552758334654193     
   25.740648579555089     
   22.333046649582045     
   24.303837763474739     
   20.275863540051009     
   21.428140404079947     
   23.351498382027607     
   19.744410846579761     
   24.785863173859546     
   24.764526182889096     
   23.411779631846581     
   23.819204446077805     
   22.875180872758651     
   21.561865261736791     
   21.800147716389063     
   25.849944329098811     
   23.971070274736789     
   27.210309505950811     
   23.799010799548785     
   26.252100171643505     
   24.265139439929314     
   21.047153318942044     
   22.042939863206009     
   19.815539729077052     
   21.684966114399057     
   21.956510160983967     
   20.806444237061058     
   21.223465657895492     
   22.358945706581007     
   20.387489291795557     
   20.593094639045006     
   14.653785279342843     
   20.588415111286341     
   20.493843913742431     
   18.322735723469822     
   20.994199998888234     
   17.685337672820815     
   20.277527915662816     
   18.619541517451687     
   18.340444683116587     
   17.455957329388184     
   16.851478253625558     
   15.247186446518239     
   16.712167494691574     
   14.381365178064708     
   14.808720488532302     
   16.338471885593648     
   16.147374569445098     
   15.680403281301093     
   16.833370030467169     
   16.277526936348696     
   13.917823968322747     
   13.205800579884958     
   13.750603638940342     
   16.406764453447856     
   16.227291078188024     
   15.660169274897687     
   15.899901672509049     
   15.813495835511553     
   15.573509918989457     
   12.251150522062193     
   11.333101602669940     
   10.851012783017136     
   13.640882921398681     
   12.397587368154380     
   13.422425853834264     
   12.806277736487345     
   14.187765542771405     
   13.634185118741872     
   13.906263623081085     
   13.146421888792048     
   11.045165156761797     
   12.030146038932758     
   12.482021717769044     
   12.661763187335916     
   13.611695576527465     
   12.548234181613671     
   12.665989639528302     
   15.095774335633715     
   9.0755229346668180     
   12.329668808131473     
   11.281979820501169     
   11.062528577925974     
   11.961600053290013     
   11.502804236874038     
   11.911126935475796     
   11.641105630516495     
   11.380132610885978     
   10.999879802566543     
   9.6287161982402836     
   7.8462613243079202     
   10.753883647240048     
   10.982588643363522     
   10.498829296848395     
   6.4864188891602534     
   9.8541333082800477     
   11.438996564562483     
   11.420701642322065     
   12.215454944299019     
   10.005119049364870     
   11.197375707031961     
   7.2923589060881664     
   11.452806618930008     
   11.260920582611963     
   8.1867684736783204     
   6.0316285027643746     
   10.585677338596657     
   6.9811608713133610     
   0.0000000000000000     
   0.0000000000000000     
   6.5941360590524933     
   8.4017046667664239     
   8.7853609041392264     
   8.8823277596226742     
   8.9284875207501386     
   8.5785397753603565     
   8.7462642854471042     
   9.2743780045900337     
   8.5415041520783692     
   8.6922461665900386     
   9.8359712071190781     
   9.3280478041002137     
   8.4356401356064143     
   353.80334997250026     
   312.94528732140759     
   293.62921921406496     
   275.33507253486653     
   253.45315254710022     
   232.66817939454927     
   216.83949402487514     
   199.44270273480510     
   167.52968601973603     
   157.51571499938024     
   141.04702086292644     
   121.38228107168419     
   107.36068667501952     
   104.28467557097100     
   92.801074825634231     
   78.402235432770084     
   68.869731562629923     
   70.532630276660512     
   62.148932789596664     
   51.309257031812749     
   45.346232802510656     
   43.572716263251607     
   56.863658648539072     
   50.557274244702342     
   51.258510412904400     
   48.053749014762580     
   48.231837830162647     
   41.647432476868360     
   41.058822498596435     
   43.997449851755675     
   51.321478380701237     
   48.429790269736088     
   41.028330064442088     
   40.437268380768700     
   48.907160653973918     
   39.824362054034772     
   39.378182818075295     
   39.376876744024329     
   43.169424786695565     
   36.350458573061573     
   50.650115269431517     
   46.595742239879272     
   45.245732861404576     
   42.529868887797747     
   36.976053285849439     
   39.662553915238874     
   40.856907747058905     
   36.552311523722508     
   42.052894180641459     
   37.093874101862475     
   39.119847293251993     
   43.705631654718353     
   36.872522408673433     
   37.442018872365921     
   47.581739986805786     
   47.716142289434437     
   44.553425672790887     
   43.712069476768889     
   46.614357746083783     
   46.604009581063650     
   47.866829908420399     
   43.171367450226832     
   40.222327056779442     
   34.721271867066335     
   34.657971710986082     
   30.774223249190907     
   35.709428534437635     
   39.035617541956952     
   38.489483191476914     
   37.337757321914800     
   38.005308759147120     
   37.563290119697342     
   42.733825631413453     
   42.531058462511936     
   38.192329093198715     
   36.919891945297266     
   32.065305752405955     
   32.220208680752229     
   33.155423340827554     
   31.379399450887412     
   29.156831515995670     
   30.445298784471618     
   33.243519737060787     
   33.074691774340231     
   29.145533221978319     
   33.492317713222818     
   33.717913916808044     
   31.381730078432678     
   31.501527816574367     
   33.685891483707003     
   31.237935908457480     
   30.836536975443003     
   29.464131647628648     
   32.160859036734074     
   34.588054311590312     
   28.394995102087183     
   31.376817878875610     
   30.288625407384227     
   32.525587774001337     
   30.584633116949355     
   31.576012008659870     
   31.690392852717963     
   29.669409267200734     
   29.998177710242039     
   27.724570811075978     
   25.108521654410527     
   24.854244416959162     
   27.195207730572630     
   24.163500106020116     
   27.517745783931790     
   25.759874756052930     
   25.378313652861195     
   29.544789206158381     
   27.870403591488859     
   26.241843879756455     
   25.805977399098143     
   26.378864224225300     
   28.617693924359859     
   23.405536618674159     
   23.525318325403600     
   25.709611170775190     
   24.897926237268173     
   20.801601456461569     
   25.214835470571309     
   25.790833341364934     
   23.062670805221540     
   22.242715646146074     
   23.142002550678331     
   24.543485799224747     
   24.106492869894886     
   23.369985586685171     
   22.514040299137157     
   23.314405195616679     
   20.342574154003337     
   21.013957789232052     
   24.386594430225760     
   25.701624120906096     
   24.083545573896217     
   19.860241792813866     
   22.712875992954892     
   20.588983924668494     
   19.509236513719614     
   23.090094044871954     
   27.882752405686972     
   24.428425188694622     
   22.774449615849292     
   27.371773099658384     
   23.109479608873073     
   23.440116915901609     
   23.177917113163126     
   19.512424243395813     
   20.807608348687708     
   23.026124037753565     
   18.262050816290504     
   20.553302151031389     
   23.095521995914350     
   23.016976259296339     
   18.445492200872465     
   15.454891512733177     
   20.286746810193279     
   21.143339337288484     
   16.135734265464610     
   19.954780501559711     
   20.467183698055166     
   20.540634322280400     
   19.641837859104466     
   19.159987234950428     
   14.539249436363496     
   16.727156818240513     
   16.933761794270310     
   14.082868589644089     
   14.954729926740102     
   14.518590399127827     
   15.651993857065811     
   17.045428167552600     
   17.666814154950359     
   13.918697109493234     
   16.104038412920367     
   10.672396867750571     
   13.235837744843867     
   14.409634971695802     
   17.342115324086706     
   16.515399950008071     
   14.273826462166443     
   16.101222708948178     
   14.664874209527712     
   13.994743433521514     
   11.304672641446453     
   11.729678707464551     
   11.171953203327757     
   12.436370603396814     
   8.2964648001195762     
   11.771733106841259     
   13.936813558774917     
   13.580185911746005     
   14.800429374881761     
   13.663907370814623     
   10.223022248333283     
   10.157411593829234     
   10.181299647201550     
   12.974151178562137     
   12.326820342563028     
   11.324255701518092     
   12.768978607518132     
   12.937391882496375     
   15.240535683615024     
   11.762505087942888     
   12.432711954412945     
   10.370137593025881     
   9.0177819194453939     
   11.534791871625318     
   11.319487924126332     
   11.178402623985662     
   11.119898904626348     
   9.2301806932800918     
   10.010325130544738     
   11.422216031533653     
   11.735837596337658     
   10.897982245844293     
   12.441363554560496     
   11.618198522132836     
   10.390616904636591     
   10.324283545503235     
   11.694464627179121     
   12.037779251035897     
   9.1805851333039854     
   10.659069394923828     
   11.102484901941997     
   12.350028763208513     
   12.133484393307691     
   10.186191204772202     
   10.248698214774560     
   10.349732419567635     
   10.126705664545753     
   9.8333217279267906     
   9.7712427223012988     
   9.7103028939637248     
   9.8470021126128682     
   9.3411589081685964     
   8.8573939278550213     
   8.8932870181520514     
   8.7223383563832009     
   8.4571456930132225     
   8.5578451596393208     
   7.8224171594823222     
   7.7751763063396799     
   7.7296013004380120     
   8.1180774861587146     
   9.0874205732746187     
   9.3858566398853256     
