           1
        2500
           1
   179.93218447296354     
   81.940552058555113     
   74.539923290156295     
   70.416482826409961     
   65.693774217523355     
   62.455047593244053     
   58.674490884529206     
   57.346201469895973     
   57.211494519180846     
   53.930789777559042     
   54.634598204577301     
   52.075574274381353     
   51.429355639037787     
   51.731436578347456     
   51.711696350603788     
   50.350179908244471     
   49.174599875947024     
   47.137477533151269     
   48.082934415183850     
   46.390172549757828     
   46.929964335806837     
   44.897768374705457     
   45.390304767734243     
   46.105612555183740     
   44.511292527962247     
   44.652320578082815     
   43.677399145805978     
   42.647417320404273     
   42.197940326647213     
   40.168840262696619     
   40.279951067059145     
   42.918595532186011     
   41.803868383647036     
   40.559083998705709     
   40.548735160740193     
   38.906880374364313     
   39.405017349915738     
   37.210062762781391     
   37.403688138180250     
   38.639625540452663     
   39.219775411485337     
   39.569331380974148     
   45.205120247113406     
   47.970869344216695     
   47.182167375917217     
   49.125629411978807     
   50.932876500363207     
   52.263784102309316     
   52.743834572818265     
   50.614130814505060     
   49.664799884358416     
   48.797857061129633     
   48.622421472845005     
   49.841587002657022     
   49.244829306908080     
   48.783546240211464     
   49.344517670273028     
   50.889096520848149     
   51.974503943586143     
   50.037672486320602     
   48.983371235493479     
   48.431530007439584     
   49.650148713175113     
   47.431223278627904     
   48.133669001383609     
   48.358613680183176     
   47.745434895057130     
   47.399147125439526     
   47.473347565694979     
   46.977278394887314     
   46.998636334753691     
   46.746287957665061     
   45.700075941770251     
   43.692504463811098     
   41.451189598312510     
   39.867107946224422     
   38.226525165871507     
   37.296096530269921     
   36.902331688504347     
   36.024887746392281     
   34.891683303210201     
   34.433215752474496     
   34.441309804595356     
   34.458125508368184     
   33.607848017542523     
   38.708754779280355     
   46.311220251747265     
   34.823527439494079     
   36.019371636651314     
   36.164694526297730     
   40.834636201307028     
   36.329175148631549     
   36.270692524856884     
   37.126139361977025     
   38.750125962833160     
   37.919289147835777     
   40.234640796500798     
   39.509928941354218     
   39.055889839576281     
   39.121931859269296     
   41.961951564878667     
   40.522836030473904     
   39.336391329218898     
   38.887580783509961     
   39.237069765233187     
   41.208981371149413     
   39.448319664473260     
   38.145204228499871     
   37.897298590776231     
   37.823984451338269     
   37.083033465966260     
   36.410359472069871     
   36.191189219641323     
   35.093204023955394     
   34.620367134532430     
   34.407225903628621     
   33.815154494264092     
   33.325891531431758     
   34.933074738746832     
   32.722043189407856     
   33.333862956619640     
   31.905349996260906     
   31.729450168514127     
   32.190446139744211     
   33.272348699169896     
   32.232129172161848     
   31.508571855135713     
   31.573520363841411     
   30.897189900611139     
   30.894737159691712     
   31.188333819174179     
   31.112864273991924     
   31.330937021450232     
   31.433701456588011     
   31.739136452007145     
   31.681308419637915     
   31.534985482733603     
   31.560631899893430     
   32.281052093357829     
   32.378740489976288     
   32.127609120684369     
   32.086983602328118     
   32.096956749289440     
   32.101021685874130     
   32.227400652339199     
   32.244462956242941     
   32.178361335482187     
   32.183275339646755     
   32.216496623215477     
   32.333501450130633     
   32.424220118452922     
   32.610854501415602     
   33.005158867190268     
   32.945732009874568     
   33.045190510475727     
   32.973787264764667     
   33.412121232566932     
   34.033804620490194     
   34.856799722564929     
   34.804276862816536     
   35.396000224998971     
   36.244387662375374     
   38.312782223397200     
   32.260366021436482     
   32.188777121124232     
   31.762490683776832     
   31.609362073650729     
   31.548488885303108     
   30.922936623831617     
   30.797063107949629     
   30.784827813099227     
   30.599093656356093     
   31.069884862393650     
   30.471904933687654     
   29.857145374127803     
   29.747930443945741     
   29.595721651857986     
   29.302219198724465     
   29.085119549335769     
   30.438568159539962     
   29.573772908057880     
   30.274136732025049     
   28.654611230451220     
   28.488565063428215     
   28.437963030167776     
   28.190040009011931     
   28.151946287356026     
   28.204454389880496     
   28.242410896425326     
   28.469270502912330     
   29.709112055114481     
   28.962017829996785     
   30.572138622883863     
   28.880319951290264     
   28.679531736995081     
   27.863475317890355     
   27.739489651030311     
   27.666258305512805     
   27.599043179550577     
   27.513282020592403     
   27.364887100011195     
   27.310576390498476     
   27.288261890348497     
   27.199875590874662     
   27.090053520217573     
   27.081327476578718     
   26.974950632757356     
   26.882555361685291     
   26.772998248573071     
   26.692968392980415     
   26.652813188917943     
   26.916226329001507     
   26.701245758596990     
   26.543489623740804     
   26.599999361073955     
   26.490175028668023     
   26.367325140598481     
   26.061250723828259     
   25.771607005271861     
   25.592830106540177     
   31.416774055835504     
   25.992596450250019     
   25.964440205010387     
   26.076226584076970     
   26.131303222078316     
   26.055110497786703     
   25.790220640429130     
   25.613702187869361     
   28.178500114240869     
   25.392515516280632     
   25.305853327074750     
   25.974568059696253     
   25.265351035716151     
   25.065013939926931     
   24.961730887239920     
   24.923949954187925     
   24.865716850630925     
   24.790002233003491     
   24.681236870348275     
   24.936300948646355     
   24.976107037660025     
   24.808075546667027     
   24.700347186990271     
   24.581387783426237     
   24.503958845111349     
   24.469873715275220     
   24.593373943204607     
   24.696467729466889     
   24.662826993851272     
   24.652101577785164     
   209.69855094608835     
   71.291310814198752     
   64.535812097863413     
   61.033754521008916     
   52.432098565466802     
   49.283749851582932     
   45.819228779594113     
   44.767009368508795     
   43.663009855433550     
   42.458834551847723     
   42.065437973870566     
   40.372774160666367     
   39.435551517656890     
   39.716810129314133     
   37.744208460269725     
   36.085839642554632     
   35.949271548567054     
   33.588193990559937     
   33.593833556224212     
   33.278997956027013     
   32.931544184920007     
   33.195126566572625     
   33.131192920882988     
   31.929553117718484     
   30.692662891443902     
   29.938669079777945     
   30.551669010337498     
   30.402282848985092     
   30.499847258378601     
   30.358132615934032     
   29.063615273629395     
   27.789770151906399     
   26.781290040975563     
   27.584105061660502     
   27.689238421780288     
   26.600603671397394     
   25.768326292056617     
   24.584918309717882     
   23.223084967586878     
   25.438596872186203     
   24.874002906752196     
   23.024442482117824     
   23.843963067090421     
   25.046335727727328     
   25.324438038944560     
   25.519563385075809     
   25.968930293243410     
   24.928538616065691     
   41.946886158980021     
   29.690020628058068     
   29.682173275863502     
   25.197527395689360     
   27.020186547701996     
   26.300290478799369     
   25.897637334325214     
   22.879118241282818     
   22.944937453481167     
   23.134090062087378     
   31.230301259426486     
   26.402158967497058     
   30.606691495542343     
   27.479498532810162     
   26.160967872367099     
   25.876795048028502     
   22.772907639782964     
   24.192253117412925     
   25.475351816173436     
   26.031446028550850     
   24.740197854868626     
   23.278115005958082     
   24.380901597296916     
   24.297338395215995     
   24.873731117854408     
   25.176624465202185     
   25.154572444888586     
   24.328048589027411     
   24.429896413198762     
   23.295507776944966     
   24.233916744934323     
   23.617935275720832     
   22.868066354621330     
   22.191896672988065     
   21.900210910385645     
   21.795531186925587     
   22.107596567754221     
   35.704454251799540     
   38.303526629138631     
   28.762340474091559     
   21.953801027884129     
   19.938387780089393     
   25.170009738967259     
   19.937374401478870     
   19.671648505063157     
   19.707629666558269     
   19.400299933646632     
   19.503484605412915     
   19.747215232933552     
   20.319438260217169     
   19.811540318498359     
   19.306198939486794     
   29.621950678548167     
   31.003574058432164     
   26.658039386427824     
   19.236718884664946     
   18.296142967953564     
   18.673630488679009     
   18.717399707264882     
   18.247133082692574     
   16.801816543578031     
   17.255911859962811     
   17.741976624030666     
   19.891844741000572     
   17.637122746784502     
   17.494987978737399     
   18.872644266493232     
   18.283345616684024     
   18.299813925462686     
   17.638139402115289     
   18.107697484019553     
   17.485077113372650     
   17.469939110892390     
   17.412322299275935     
   18.051957332357048     
   17.866374990177459     
   17.750351513489377     
   18.444507820492731     
   17.418662322017607     
   17.236871218847771     
   16.882158143919217     
   17.044609570664740     
   17.059878097250341     
   17.270412722017852     
   16.348866991365345     
   16.118214947462519     
   16.642089578715463     
   16.127659535827988     
   16.047770007678174     
   15.772529162329548     
   15.325126533994657     
   16.111750909202684     
   16.366072292785589     
   16.366052084285503     
   15.997230646881976     
   15.804980082435790     
   15.993054186957639     
   16.457869825255571     
   16.798957843869708     
   16.702745618477216     
   16.478802463649298     
   16.225782983572881     
   15.800181098049794     
   15.971003833679049     
   15.901343353401144     
   16.070472816250209     
   16.611918744028166     
   17.104731630693109     
   16.960255817473218     
   17.638569469349143     
   17.694160196006042     
   17.340096153226803     
   17.432473676565493     
   17.703244448247478     
   22.227063287316117     
   17.501237212796131     
   17.041637626180385     
   16.783551262700566     
   17.842423796969275     
   17.505347671336022     
   17.004412825162159     
   16.567110131942286     
   16.862217399004017     
   18.129495584903097     
   17.315105232288420     
   16.503162344440021     
   16.150880909984032     
   15.958072362816695     
   16.044461447928658     
   15.828095107013681     
   15.571825517852453     
   15.541393701065440     
   15.999129932809760     
   15.492826509048118     
   15.431377387669095     
   15.358665203533166     
   15.436115326743462     
   16.322424527052107     
   16.662092176681416     
   16.190136112537594     
   15.831515380430712     
   16.533854219103915     
   16.455223610422852     
   16.534242505695829     
   16.777055834624520     
   16.038215607073795     
   15.800328277884400     
   15.947739541696624     
   15.543003017135188     
   15.372469254710007     
   15.620876764941997     
   15.841619018706730     
   15.666963109925906     
   15.505580275045673     
   15.768090986860290     
   15.623095226863718     
   15.365037968650427     
   15.371250014655288     
   15.463060793839340     
   15.990873490602926     
   15.321759350798374     
   15.027424105998691     
   15.027844980350878     
   15.292686430862000     
   15.366279026757956     
   15.276519332285531     
   15.252102677818588     
   15.266665013667492     
   15.283713806993450     
   15.060665287929311     
   14.939176185031201     
   14.884277659516604     
   15.005601056509754     
   14.777247997508240     
   14.993194041315759     
   15.072631423401660     
   16.819673793050473     
   14.957832295891206     
   14.959849848409107     
   14.982438910682117     
   14.813744482809845     
   14.721211093922719     
   14.604897348335726     
   14.553194614308788     
   14.557880978734035     
   14.659325465910394     
   14.899503889592149     
   14.606470833223748     
   14.588262806501552     
   14.616449513535553     
   14.708212348550335     
   14.731786578475379     
   14.768140863827767     
   15.109226309478981     
   14.495247716687828     
   14.184981211624805     
   14.040807580008160     
   14.002716511180280     
   14.004831898076743     
   14.002363979100583     
   14.019100297147535     
   14.338175964093207     
   223.62260536750875     
   74.655122867199481     
   61.278400887296996     
   56.860636885708907     
   50.002469578677243     
   45.485162936845214     
   41.346530084374798     
   41.444555944204502     
   41.148719926358602     
   40.353885535139838     
   40.388622421574780     
   37.976407493659664     
   36.324703074247701     
   38.482857746928168     
   36.569656278982357     
   36.392195821811335     
   31.907486352350656     
   31.731429289059015     
   32.646341140655181     
   31.604372828268243     
   31.888736619683929     
   32.846605903410726     
   32.562760756932626     
   31.160464261987030     
   28.515733785553298     
   30.099611822671267     
   28.679923623590398     
   26.572009746722124     
   27.254127703461808     
   28.801046871483592     
   28.543065480025856     
   28.419548642408625     
   28.088902965670741     
   26.562849559923798     
   26.089916192759578     
   24.774812991493160     
   24.306021091511290     
   24.274509458860337     
   22.790819949436045     
   22.234338581694512     
   23.314634527408863     
   23.128145994370904     
   23.484956891419081     
   24.150800817894968     
   25.896943428368850     
   24.217090523545757     
   22.350902952226214     
   25.051772986233800     
   22.384697089996255     
   31.288454872045236     
   24.991421442707569     
   22.415951060804836     
   22.257642417234372     
   21.783026683875104     
   22.303807038124411     
   26.147024832649993     
   25.901841964531268     
   25.080078087926228     
   22.742177715597879     
   26.520559002837008     
   23.794998642600888     
   25.641960022385010     
   27.879328466204313     
   21.926730949678735     
   25.620156897587862     
   23.954391458992042     
   24.562263712982741     
   24.188075900398669     
   20.999172169283547     
   24.922844329622045     
   22.826406500534794     
   23.862175696043685     
   23.449300081137185     
   22.929781492855142     
   20.367328452753245     
   21.614390955509542     
   21.918632593952761     
   21.957113724163442     
   20.792382681986123     
   18.437871102096107     
   19.397223195997547     
   17.913120974535534     
   17.747455958852406     
   20.527403668268228     
   19.761862975876770     
   19.061816570770578     
   18.817746175747125     
   31.500257593024525     
   26.396809124955688     
   22.481728476970726     
   22.113827458464048     
   22.141784801875925     
   20.796000852827966     
   20.256399305526099     
   19.778803319892994     
   19.030828665477763     
   18.707145532960197     
   18.764991640772390     
   19.844392859429309     
   20.120811983480621     
   20.539030151211335     
   29.130168428883714     
   26.948210308391531     
   19.290740050373500     
   19.746925892236629     
   19.965865006047867     
   19.844504662280286     
   19.898045796232722     
   19.828174100945482     
   19.496806805547308     
   19.621080930871763     
   20.562136988779802     
   18.775179974511488     
   18.559677703667262     
   18.453150471848019     
   18.419172498191688     
   19.195654951970102     
   18.706160717740211     
   18.431723108304663     
   18.145374748198503     
   17.759467795007609     
   17.531687364099021     
   18.711528538626641     
   17.370592798551574     
   18.063503594457536     
   18.099655684359139     
   17.976438489270443     
   17.414076862086823     
   17.199980259101324     
   17.016363634412365     
   16.867544396383249     
   16.901242720210433     
   17.449108796261093     
   17.639473525717289     
   16.960558235136240     
   16.904588672576118     
   16.885385520529592     
   16.862658836876712     
   16.762091885891799     
   16.557516192493459     
   16.227983810063201     
   16.087448684777144     
   16.496293037130524     
   16.220779910038367     
   16.327546031734251     
   16.203410923088882     
   15.771327015653927     
   15.969847016212448     
   15.952701348236827     
   15.939756655920428     
   15.785409696430303     
   15.672900272502591     
   15.752253345464958     
   15.686116683096657     
   15.507171605990754     
   15.271991909442967     
   15.221264335983273     
   16.179706274241191     
   15.294857146121961     
   14.992640874351968     
   14.711649627522727     
   16.033673909360559     
   15.885350172433588     
   16.172976005458828     
   15.630900655599216     
   15.469277664564007     
   15.785453262584749     
   14.605739178532147     
   14.779098739486255     
   14.860417168345002     
   15.191697935893771     
   14.312009097094737     
   14.278602689054591     
   14.409579920445456     
   14.637421318463460     
   14.493358011699556     
   13.823373220680423     
   13.833291173122600     
   14.370430158995168     
   14.195582733490284     
   15.034637701774006     
   14.270738851583081     
   14.075668852994841     
   14.032084660518878     
   13.670294395880596     
   14.296402314704046     
   14.770420670709365     
   14.498924398495687     
   13.694466281722363     
   15.050379321215853     
   15.732240508207374     
   14.952713601229084     
   13.841600719568209     
   14.168032133824752     
   13.576057634053116     
   14.193716354793310     
   14.242434375686351     
   14.060989115250585     
   13.630719320426401     
   13.761576202500361     
   13.655036087948719     
   14.101621336579221     
   13.557168286160612     
   13.309533490178559     
   13.873403314437615     
   14.344999788644781     
   14.469144404919849     
   14.260774095793458     
   13.142877494938190     
   13.296038126627920     
   13.616531225018299     
   13.693618950659040     
   13.201527803432903     
   13.026459887016603     
   13.128573250671092     
   13.457369514804714     
   13.204456284439971     
   12.989333146349308     
   13.400819667035661     
   13.491531269862120     
   13.359734312963688     
   13.360868371008918     
   13.192465598395593     
   13.093697672514734     
   15.047230158849235     
   14.366953212910291     
   13.283056212630346     
   13.166681351795706     
   13.078850572725095     
   13.019693438055299     
   13.117720687784333     
   13.269626997095159     
   13.097821348382965     
   13.125161141287709     
   13.440908866755858     
   13.575796521245879     
   13.304180327932098     
   13.253971871063818     
   12.837459667334720     
   12.717742623412351     
   12.637069399188178     
   13.068882303651623     
   12.586034882185373     
   12.780345945041663     
   12.931014951689907     
   12.941524242817652     
   12.891031844096164     
   12.824415470319138     
   13.131679327778437     
   12.500627814338705     
   233.02658428301714     
   76.305004268003600     
   60.396541378123075     
   54.525831855353488     
   47.228245060855883     
   45.340154978339946     
   40.583808636689042     
   38.155704939334193     
   39.267848516695935     
   37.028942370576885     
   39.502704478726926     
   36.903577398139888     
   35.611348051415483     
   36.789030475856890     
   36.049438857405143     
   34.718667578343634     
   33.149766387349871     
   33.115317041555393     
   32.341593175092768     
   28.420436865761371     
   28.731832022416864     
   31.617679217790595     
   30.754171280565778     
   29.671901149347896     
   28.228311283451696     
   26.858297417530746     
   26.186410165305933     
   25.432001570664283     
   27.375165337769154     
   26.809499831628543     
   28.122062395695071     
   26.977971817052143     
   27.190732290905629     
   24.499389952944981     
   25.414602078155664     
   24.680868359203071     
   24.930131119866076     
   24.661434153993699     
   23.453182177007516     
   24.140876180024520     
   22.529951475294993     
   23.140698926530110     
   22.185153307108045     
   24.989152874615133     
   21.228016763668386     
   22.538222408669451     
   21.426390676033421     
   23.584683426425055     
   23.486284583220669     
   32.813717220917617     
   25.071554903906343     
   22.263455429642242     
   22.006505756828805     
   20.878215142849626     
   20.921882621477575     
   21.334141548651942     
   21.400445566232115     
   20.350353106499114     
   24.469819300126449     
   24.853230809663451     
   27.301133550543163     
   24.281125758883967     
   24.552447254176329     
   26.679149793139821     
   26.079405358384570     
   24.451402676084172     
   22.866371976788503     
   25.228657936792878     
   24.975721539063322     
   23.532137125773012     
   22.203947915907378     
   24.291596167686045     
   21.998467925056662     
   22.098549068016940     
   22.169552834694386     
   22.435713679129808     
   22.483329595131213     
   22.410134550025855     
   20.663405210896638     
   20.807694421927600     
   21.203274015711536     
   20.797835367820170     
   18.792831547096689     
   19.124369869059851     
   18.983220972093168     
   19.710082373238734     
   18.086849544148986     
   19.125898388068936     
   18.589331873400582     
   18.507290566477344     
   18.127050967461724     
   17.676666676691518     
   20.124452896318033     
   20.126671663413354     
   20.437106200175293     
   19.504107311541169     
   18.073041203088628     
   17.896699094211730     
   16.143691690384124     
   17.556203927833426     
   16.241446689157680     
   16.884198344593248     
   26.265357518529218     
   17.703232518560867     
   17.849891801886077     
   16.278610332814310     
   15.426314917109497     
   16.002020129148192     
   17.648526872644478     
   18.445546036348397     
   19.051348350481668     
   19.411576691222532     
   18.100417368312115     
   17.310631869049708     
   17.222015358167553     
   17.965774542387024     
   18.679097710655199     
   18.246914418760767     
   18.461809842094844     
   17.602834540587299     
   17.154707561691762     
   17.326347267627419     
   18.058658361279250     
   18.096966318307302     
   17.860495018590122     
   17.936550057617513     
   17.047990032529565     
   17.981608112555008     
   17.231012097793403     
   17.057977890434387     
   17.182324982912071     
   17.007177573998948     
   17.441923142299579     
   16.905674885822812     
   17.000030911096722     
   16.773052983238749     
   16.369876709766803     
   16.235771726814445     
   16.272346783244977     
   16.770878820613969     
   17.383285442127335     
   17.722102699942546     
   17.485433832756481     
   17.370016738978176     
   17.053381671973153     
   16.898913546031654     
   16.604561198518489     
   16.443224489350932     
   16.481113527912598     
   16.651628857796101     
   16.611291548439773     
   16.660890324256037     
   16.537979849895208     
   16.429992170104114     
   16.035536693902170     
   15.955356791971370     
   16.241638353074389     
   17.705856522125522     
   16.624856890405241     
   16.165067837809659     
   15.690430437554806     
   16.577157694325845     
   16.448812909219949     
   15.692020849387729     
   14.803665378077078     
   14.788107630982118     
   15.901584502818347     
   14.685791413638116     
   14.883461014624285     
   15.699349934592147     
   14.467118567225675     
   14.419432561599127     
   14.281855772884525     
   14.206538348628758     
   14.403676311055271     
   14.092948870058878     
   14.293387034180263     
   14.580068797637011     
   14.360100299798081     
   14.194823183731287     
   15.182627501628096     
   13.918534941900180     
   13.795385713875953     
   13.689899186542718     
   13.699733953827195     
   14.256905037500950     
   14.110189082943595     
   14.373311748841974     
   15.562845288218668     
   15.132878830874127     
   16.583804389704408     
   15.298020733382412     
   13.994162746695039     
   15.542657308245616     
   14.940079022261344     
   13.864230160933854     
   13.966772754215333     
   14.233485476674687     
   14.469683634994217     
   14.389828035391190     
   15.031361049307444     
   14.622519045387236     
   14.325619347605691     
   14.231946081702109     
   14.840541302954945     
   13.970316310263415     
   14.192549984525854     
   14.589734589576791     
   13.731882393774322     
   13.725606506911747     
   13.752331879801851     
   13.411217604918356     
   13.419281503318373     
   13.588334100483774     
   13.494896181222122     
   13.368077125620832     
   13.621206177585124     
   14.132349598073001     
   14.052506830382750     
   13.657631773839340     
   13.468240369439219     
   13.495414424025405     
   13.472290856773888     
   13.412899880360012     
   13.517579229715990     
   15.355779388429273     
   14.495439462955739     
   13.467692489236427     
   13.421769398317169     
   13.414564175081974     
   13.656662384531206     
   13.514748495474375     
   13.273554411925019     
   13.200584829378549     
   12.856272388883745     
   12.776150682037816     
   13.005729972769812     
   13.058808516593555     
   13.131427099564613     
   13.162879897829644     
   13.176561158983311     
   13.696215494054133     
   13.098506717744726     
   13.077348116926611     
   13.056548366402382     
   13.036096043148316     
   13.040892589473458     
   13.491401922905570     
   13.174235261497984     
   13.189310755201340     
   239.56754085590964     
   77.267617418858109     
   61.780287112598735     
   54.051989633009939     
   45.658924052948933     
   46.760766379959698     
   39.688927079950901     
   38.485939931537303     
   38.745733646132393     
   36.534319711696497     
   38.515209240539861     
   35.617870706711500     
   32.858815026800990     
   35.165781785077094     
   34.321582204752247     
   33.999212824807138     
   33.344423530037474     
   32.299907065814367     
   32.552624544598366     
   28.528698805098887     
   28.735878509365456     
   31.028885081578053     
   28.497176077023589     
   27.180899169752927     
   27.591357241214837     
   26.627297467347233     
   25.920139402361748     
   26.279033178824168     
   25.469544759757575     
   25.097027814969426     
   27.189738878492079     
   26.999011133837790     
   23.935632688837348     
   26.782437638733747     
   26.010251061416756     
   24.599782613110172     
   25.102640038767674     
   24.805734500068894     
   23.374396622891357     
   21.325662956411193     
   19.473825903253733     
   22.776080704891122     
   24.237339779736352     
   23.752338070993467     
   21.845901722709186     
   21.741486173735318     
   21.835022377365739     
   21.296673223925733     
   21.542120542287918     
   28.853888557640470     
   24.778563428201934     
   22.310304433317771     
   21.007759098743890     
   21.352615980104403     
   19.400739905983762     
   18.932707168984628     
   21.391870127846776     
   20.717296684595389     
   21.725923255711532     
   20.591941898506807     
   22.485785482528410     
   23.720626417740380     
   25.008366647965488     
   25.339566163179544     
   27.033434799778377     
   27.559675640560606     
   26.066405959073290     
   20.965831191735138     
   23.994161089485722     
   24.045067199991443     
   23.355970998345253     
   24.487685836992050     
   22.949158053058603     
   19.945330842425921     
   18.614699595356765     
   20.323066595260606     
   20.811011526608930     
   20.707626458329326     
   20.726848595371703     
   20.627052856526571     
   19.956991395716209     
   19.291125187606209     
   21.345618364283933     
   21.150628781116698     
   20.334579287323738     
   20.539772969108569     
   20.120343140585277     
   18.360899427554848     
   17.813792297386726     
   17.765292964310760     
   18.127087346570942     
   18.311040872768626     
   18.244616699479906     
   18.689179082504847     
   18.755904033691611     
   20.027717067895406     
   20.458359367601865     
   20.208861468262718     
   18.762123298468296     
   18.271759528973995     
   18.731605617157083     
   18.626984087147157     
   18.569481535702678     
   18.568229842076960     
   18.278828123091166     
   18.409290230201961     
   18.841387378276075     
   18.816783673871914     
   17.573856543813655     
   16.723985871273459     
   17.619870896517952     
   19.132469787245967     
   16.003350252779235     
   17.278096675266827     
   17.309356839106592     
   16.294681313106473     
   16.288818253636634     
   16.788442643765759     
   17.979534462825185     
   15.067875488430015     
   15.622197356956045     
   16.690676213744055     
   17.542273618065298     
   17.315570190728796     
   15.750754509325947     
   15.863866308245861     
   15.996114198581283     
   15.276737062442233     
   16.210178248222860     
   15.875010074118062     
   14.443148124978899     
   15.318361715890582     
   14.043048317544667     
   13.941715710802619     
   13.908016947552190     
   15.481228583477957     
   16.081321889434058     
   15.988493708387342     
   15.573894006134765     
   14.781126770895543     
   14.229661668699160     
   13.894294469306141     
   14.354369324705754     
   14.941185774137068     
   14.233181488259827     
   14.229119008888730     
   14.018048419774313     
   13.449333885510772     
   13.432608529380879     
   13.064867761670460     
   13.144904351544270     
   12.759894813028737     
   12.998217306743486     
   13.824015203148058     
   14.249136276824727     
   14.577340450572457     
   14.544448066402339     
   15.228993290311228     
   14.940117460518456     
   15.083890532310338     
   17.173422109766584     
   15.901752800912453     
   16.201066712402906     
   15.308571959203046     
   15.437323651495575     
   16.285522959013534     
   15.440394496612635     
   15.303891590132524     
   16.375389895747947     
   15.335017087328048     
   15.364373604639113     
   15.256568390717730     
   15.058132214605514     
   14.750509956797371     
   15.029556889025683     
   14.786959542092212     
   15.039839897105374     
   14.959495541844625     
   14.965787479723449     
   15.367842780888296     
   15.724094730910373     
   15.117144115118636     
   15.178843878062210     
   15.124282469346534     
   15.250924840340787     
   15.428094539054324     
   15.243332153647362     
   15.488318765667687     
   14.967703542662402     
   16.107671161411709     
   16.224387633674148     
   16.243738225028672     
   15.743753303186866     
   16.477542258769716     
   15.137022673943216     
   15.104302382190108     
   14.885409882073315     
   14.782946133757825     
   14.734018534414306     
   15.396207533943130     
   14.607887009412673     
   14.008857010231122     
   14.599455309371145     
   14.894581875616652     
   14.496246744826491     
   14.607694951646558     
   14.818147490082037     
   15.133135382579255     
   15.221357403122893     
   14.309543603689299     
   13.903266397037523     
   13.884727430162187     
   14.278440608429094     
   14.202780826501765     
   14.057362573117686     
   13.988038155327351     
   14.136625713590927     
   13.726517451448284     
   13.760167914789642     
   13.630067186511420     
   13.379202266569713     
   13.330236267579902     
   13.452140101616250     
   13.488547897720949     
   13.595776860346756     
   13.435011894397077     
   14.574078620976621     
   15.104143758318852     
   14.044317795539522     
   13.668324992544820     
   13.387644997340145     
   13.599268295672083     
   13.636851861269953     
   13.638643084943091     
   13.706342596088072     
   13.723709397471216     
   13.607869552809683     
   13.473031568899604     
   13.419328999111418     
   13.398035481685547     
   13.372537586571578     
   13.781481826273653     
   13.363702018500122     
   13.381447110448049     
   13.362770045956905     
   13.344336404851928     
   13.770886012321871     
   13.337081950426953     
   13.171091146955504     
   13.133211842134477     
   243.20465870347101     
   77.815284903484155     
   62.148885809783081     
   52.261554083474948     
   43.119254379366403     
   45.811747060880641     
   39.737431317729069     
   40.377046354641656     
   36.980880936575339     
   35.788191876466186     
   37.591352915255470     
   35.580673537221472     
   32.692005628342159     
   34.727252603610481     
   33.619142889672780     
   33.205444922032157     
   31.945273282250461     
   31.043405474904063     
   31.256687618625701     
   29.353459269059684     
   29.560845605956626     
   29.650336878105279     
   27.985585977695706     
   27.552245816927069     
   28.136711150346734     
   27.446471462392626     
   26.316998586028980     
   27.066277953846239     
   25.553325738857090     
   26.190955348596177     
   27.516852539768490     
   26.025876618223599     
   25.186569304232009     
   26.227309166836289     
   25.942698247973894     
   23.986430328478974     
   24.561764282628442     
   22.757734944244923     
   24.681356853492254     
   20.592325218711082     
   20.738874956150170     
   23.833423009589090     
   21.822529499452465     
   23.731884997463556     
   20.943375853482365     
   21.487486017046638     
   21.804216873046855     
   19.646109609427491     
   21.457162497919882     
   23.628245877880325     
   20.478687929898364     
   17.995579606704887     
   20.839142891069315     
   22.582680893323754     
   20.942157661568793     
   20.625372779098292     
   22.920703987640842     
   22.476996936993679     
   21.986918504456114     
   20.025862837441167     
   19.807890763236241     
   23.680245614694588     
   24.106239020069562     
   25.307553731715544     
   22.235124298311220     
   19.909533716735353     
   24.167977520298304     
   27.273464257112700     
   26.876637303162781     
   24.752024653993836     
   24.253595038326523     
   23.854159971016319     
   19.748003559275151     
   21.645472635614340     
   19.127764006168348     
   19.978707681244511     
   20.682558075840415     
   20.451223762391301     
   19.935450810076787     
   19.517673135718589     
   18.448393036192460     
   18.975998625829892     
   19.788806811595897     
   18.780868496143746     
   19.847839477763259     
   18.953302130109222     
   19.194623264658869     
   18.882381517848621     
   18.826087343921738     
   19.046927726148418     
   19.220279135041849     
   18.430834108254444     
   17.408910059945882     
   17.368088964969591     
   16.804949419221607     
   15.984724276178436     
   17.358823262943659     
   16.905233048174615     
   16.728477740682234     
   17.026601571266163     
   17.138715998874574     
   17.440476926094629     
   17.577870798653976     
   16.013987997256088     
   15.152007312204063     
   16.593525863654325     
   16.854630015810628     
   16.602727033631631     
   17.122692658875962     
   17.872798082087400     
   18.065804766246654     
   18.805974732422342     
   18.306192151103808     
   16.533480000296699     
   16.173802186826883     
   16.583720306801361     
   17.380166698031111     
   17.959887694349764     
   18.604456880975363     
   17.806691726808026     
   17.007815031996408     
   17.052056171077048     
   16.984358576741752     
   16.736761569307617     
   16.398506288136858     
   16.184873782661118     
   16.630682994473649     
   15.455638147380048     
   15.681650442314597     
   15.899734580040139     
   16.844355182377129     
   15.772210320850498     
   16.110929984717536     
   16.500396518704157     
   16.462430675343256     
   15.518922838561208     
   15.351604940363616     
   15.557126296115324     
   15.882238261985764     
   16.006866187671029     
   15.806462767661559     
   15.778884221031657     
   15.618786240190927     
   15.534117152447095     
   16.169598301880267     
   15.207655814457134     
   14.922166367014052     
   15.054045718677177     
   14.951815987828848     
   15.117528030342818     
   15.386031287938696     
   15.283035083074042     
   14.782884739396952     
   14.209439343921286     
   14.392436260209053     
   14.370618596644047     
   14.013678140996689     
   14.872814359492724     
   15.536099676257800     
   14.282579914754510     
   15.003925347073171     
   14.913077928011017     
   12.982529144592579     
   12.611311899282411     
   12.509583904518085     
   14.479161021901017     
   12.570112264717848     
   13.686370241662654     
   13.471401164335616     
   12.578009175178762     
   12.206904574504669     
   12.419461740459214     
   12.772218781526153     
   13.276746802573447     
   13.463466068889097     
   13.513959330310040     
   13.104281278903565     
   13.064095163762509     
   13.246805752061924     
   13.192380280371657     
   13.882339219069518     
   14.193682854437778     
   13.583211428560162     
   13.777812943856778     
   13.285468023559792     
   13.725206782311862     
   13.875099628056518     
   13.091225494237184     
   13.092101645376852     
   14.218308350235713     
   15.080933519256270     
   14.898552251463709     
   14.952107131233397     
   14.815955486301224     
   14.036814430556477     
   13.572024112281644     
   13.057961574092797     
   13.160686275032639     
   13.632240457642679     
   12.195811650407041     
   12.921692393868732     
   13.927648176946825     
   13.034080194361259     
   12.632452302712656     
   12.488400739284609     
   13.057722181866355     
   13.259589225824778     
   13.002867786660488     
   14.236323928154709     
   14.048962555911841     
   13.774437109987844     
   13.806351585493104     
   13.443858350583760     
   13.398287385695445     
   13.031823344852910     
   13.271100386135650     
   12.339183792103219     
   11.927626473521826     
   12.087398260099324     
   12.002931893552423     
   12.599031385240412     
   12.696642355617957     
   12.506250190530475     
   12.766563788927762     
   12.969055253875748     
   12.621878933977889     
   12.363815905296931     
   12.134474746217141     
   13.720370372416376     
   13.878455900387678     
   13.183743165311469     
   12.103528395757005     
   11.990252272795587     
   11.938379016248048     
   11.828150946349112     
   11.817885389969186     
   12.146864244591404     
   12.063569864141176     
   12.072117196080846     
   12.088879549234580     
   11.995335272346663     
   12.551141701361667     
   11.809132336406611     
   11.717530942482542     
   11.695172722504166     
   12.397105821544770     
   11.690618789840865     
   11.626226560848755     
   11.756440980520354     
   11.740467674350329     
   245.22905629882703     
   79.151348882827079     
   61.599574652878012     
   51.963197166355016     
   42.902455073750637     
   43.431180005434193     
   39.512009388386339     
   41.912520052328311     
   36.630513139257630     
   35.577470708088960     
   37.476478513402625     
   35.463307908644325     
   34.156315765854281     
   34.031487892912445     
   34.351630444537086     
   32.991012155361112     
   30.428560784132404     
   30.683068024605788     
   30.089655983358774     
   30.855466716328053     
   29.624871539697416     
   29.617999348315095     
   28.046238552958801     
   27.293530785564311     
   25.859025505697883     
   27.416288136225369     
   27.802685757445623     
   27.222407397039440     
   26.782839116182231     
   27.276447581528213     
   26.949400454400681     
   25.682763335832519     
   24.922632279201469     
   24.740254697209281     
   26.121104413931686     
   25.016957387728631     
   24.591497002014052     
   20.441349800325632     
   23.527867989955940     
   22.999477995523385     
   23.775039581513468     
   22.640891730690122     
   20.143023186490758     
   21.741281175158896     
   19.525501442029700     
   20.985516044975963     
   21.512315119706791     
   20.092707405984044     
   21.313434798176552     
   24.041397065698860     
   21.222382502826800     
   19.691565803104478     
   19.515104689786533     
   21.565245781082837     
   22.150179781420526     
   22.472009394859715     
   23.372527296715173     
   21.301876875957131     
   21.519682465421795     
   19.102712965856615     
   20.465239467674351     
   20.460891884532838     
   26.719329039254990     
   23.787971153562911     
   22.408406961392483     
   21.323213837767231     
   19.219688566982697     
   24.200116373921098     
   22.716051310033723     
   23.384890093708030     
   25.038762665603652     
   26.214651693766903     
   22.790940457662888     
   20.732865494675874     
   19.651568496862378     
   19.667132546836907     
   18.326328526847220     
   20.751633749371805     
   20.752559482938985     
   19.503458173657201     
   15.723425860048083     
   19.849416939353297     
   18.692235417260289     
   19.614584070809272     
   18.252990739715031     
   17.919376101215267     
   19.412484565799520     
   18.621596915930656     
   17.968721567506812     
   17.357156929053808     
   17.205449657741539     
   17.833373218655414     
   18.564790129782317     
   17.237634006242125     
   17.104036650638292     
   17.528588950001094     
   16.672949326546206     
   16.316126566886062     
   14.930725949513990     
   15.345980713781618     
   16.321963219878270     
   16.293397818286358     
   15.824254560398559     
   16.761043746852259     
   16.640202230430468     
   15.351177157634043     
   14.920619014017859     
   15.206150188220157     
   14.425171668054780     
   14.743107619390926     
   15.827619782601669     
   16.352920000638068     
   18.833631382097185     
   18.765583585042940     
   18.574369457727698     
   17.645087632691705     
   17.234554879913105     
   17.205582750083522     
   16.621633353182304     
   17.417438562919209     
   16.740561200790701     
   17.264051635453583     
   17.228305990162230     
   15.582381802269548     
   14.873378800215015     
   15.001017650654198     
   15.705115813590384     
   16.016130427457842     
   16.268479811977983     
   16.386094186662564     
   16.742120691747836     
   16.738711197665864     
   15.350185418858768     
   13.453536665667185     
   13.405440842027184     
   12.911802001893195     
   12.360975994327191     
   12.087194346913439     
   12.419916109603438     
   12.597009013988352     
   12.361591797081319     
   12.437764650405512     
   12.719318429414447     
   13.191819034892564     
   13.642754322291193     
   15.080718129021694     
   14.872542717462535     
   14.163928292482636     
   13.969784065862926     
   13.617438487317504     
   13.171109261699916     
   13.377845250007150     
   13.760418709291947     
   13.907126184102292     
   13.863874072953063     
   13.842484150005200     
   14.533130019227887     
   15.487730965661807     
   15.347283307289793     
   14.894804791551181     
   15.001036885463016     
   15.010591787457592     
   13.703517399431000     
   13.875909777581533     
   13.713861502465544     
   15.024980319523895     
   13.140825563236913     
   14.922263794088718     
   13.573310477230647     
   13.913500437447807     
   13.613040039903678     
   13.576773877822950     
   13.722331279004628     
   13.629788141712314     
   14.086792354764532     
   13.830975236902894     
   13.481754680440604     
   13.671093030342545     
   14.032487831099864     
   13.608124236486276     
   13.240038277961542     
   14.291650626218857     
   13.176621367383950     
   12.998022957280062     
   13.251515340331354     
   14.626769209766287     
   13.131471996646939     
   12.695470248384826     
   12.425251863189345     
   13.945755539443009     
   14.142534198276223     
   13.993610943088830     
   13.390971902051968     
   14.427002490458355     
   14.358566258761371     
   14.389070189062373     
   14.070742493241751     
   14.744294223172954     
   14.262848784325676     
   14.514264467748553     
   14.634389157041701     
   13.958439705226048     
   14.333076491159668     
   14.204553552746390     
   14.150268740806380     
   14.308080836992689     
   14.314244386511122     
   13.828510705972066     
   14.071885921438472     
   14.217559310142109     
   13.874170522184741     
   13.834365173956662     
   13.586389525087498     
   13.525973146381487     
   14.159901879089922     
   13.815948808690642     
   13.949499111097413     
   14.214214940515578     
   14.146978371329375     
   13.876278650370228     
   13.721622748208903     
   13.817580602520600     
   13.801572496087461     
   13.485656143540179     
   12.956206090251968     
   12.371332428910780     
   11.964234663133116     
   11.869539389708150     
   11.715577763341530     
   11.735360132278304     
   12.699529516864775     
   13.490197785222016     
   13.411883477125059     
   12.759189226544576     
   11.838567850230536     
   11.885003262912960     
   11.985020938715774     
   11.895583854848969     
   12.072691795402273     
   12.294879872353805     
   12.373493375369780     
   13.103567324703544     
   12.568156731489990     
   12.442181841292751     
   12.647498099442572     
   12.387662293364842     
   12.148871949890459     
   12.031941367743897     
   12.008594201012206     
   11.957057810124850     
   248.02103036058458     
   80.276581938827150     
   62.353542865128652     
   55.503157452738733     
   43.001301755966068     
   40.242075270932098     
   39.362141979001557     
   40.187842515279947     
   38.083721451021610     
   36.134459548838116     
   36.954515019435206     
   35.246467179566345     
   33.910775862464703     
   33.904225073621397     
   33.509497065322350     
   31.854667428082564     
   31.321273622728910     
   29.972447938851566     
   31.471336746078489     
   29.575338913329677     
   28.228470975879901     
   29.711517290525808     
   27.250297868760818     
   26.713964433399720     
   25.952012214668684     
   28.216870400899232     
   26.977669256370156     
   26.631795897388344     
   27.745725417510258     
   27.093520173677508     
   26.338098559851616     
   26.518112492198938     
   24.587266080144442     
   26.684265027278695     
   24.965495413455969     
   24.753155652686115     
   24.005159742377714     
   22.155158336575042     
   24.619043470599703     
   24.963666400777974     
   23.014133218698433     
   21.935309588372220     
   19.353194214044876     
   20.986664777192622     
   21.350766923327516     
   20.976372989247640     
   20.989286383675118     
   20.827054753824669     
   21.782213435001950     
   24.215564519567479     
   21.533967768479911     
   22.226420269828814     
   20.777339282878494     
   22.813857737375066     
   21.836531376745778     
   20.619519706884549     
   21.939762666555598     
   20.792729370623427     
   20.349669879978570     
   18.844422359857930     
   18.860225789280982     
   22.900867243141789     
   20.661909028111179     
   25.221893949567480     
   23.914934282905065     
   19.831823955306483     
   22.852404108881966     
   18.930253873351568     
   21.326520082476637     
   23.959460305132183     
   20.706576616860481     
   21.898159777170136     
   24.144312575781345     
   24.471006164405335     
   25.090979971647055     
   23.186997620461668     
   18.798442810297139     
   17.632536865093169     
   19.602647546578559     
   21.223001227535455     
   19.151721487749871     
   21.399591897839962     
   20.231904726440895     
   19.081742815704111     
   18.965124297566884     
   18.414006634510550     
   16.559715173774244     
   17.391496719459948     
   17.379980737944873     
   18.335938123961157     
   17.387492895027989     
   16.263068827419822     
   14.957218545373696     
   15.771148880932866     
   14.185170815103913     
   14.611456296568232     
   15.663852326325847     
   16.794596001433696     
   18.014452338910580     
   17.450078641303133     
   16.663241815749430     
   16.338136716358935     
   16.338184671907644     
   16.476544530195930     
   16.143233188699419     
   16.224820184646262     
   15.892181478600627     
   16.163639880668764     
   16.769093074767905     
   16.738876620274251     
   16.116601026715884     
   16.009049877987636     
   14.658460386190928     
   16.533944748415877     
   16.616249560061764     
   16.116178862098256     
   15.958947381319897     
   15.926195411593687     
   15.844844457881379     
   16.461348040887955     
   15.474840630857988     
   15.399562971874120     
   17.073689278183693     
   16.805095001229262     
   16.841263412047333     
   16.586716379989440     
   16.479763888643539     
   16.308449353048641     
   15.597069414429551     
   15.994121519218144     
   14.811643191056891     
   15.089252358918223     
   16.034097207202255     
   16.455348253446353     
   15.281024939310576     
   14.589939861594324     
   14.654641170351159     
   14.502323586569140     
   14.364594242689762     
   13.897710702684435     
   13.965982370594515     
   14.128015730636289     
   14.199673316020441     
   14.488502989972321     
   14.754339321743682     
   14.771310719422964     
   15.175972889302065     
   15.392936846102675     
   14.173376861522796     
   13.987063598165451     
   13.535604746590511     
   13.063793078841822     
   13.644302862021490     
   13.224917375324297     
   13.981044663673462     
   14.017589990699415     
   13.136727499532036     
   14.426158035134739     
   15.526013067104069     
   13.201715156328035     
   15.666930248541458     
   12.802307361349289     
   12.768317575682119     
   12.583132413473294     
   12.607102444344676     
   14.716281403044119     
   14.275446290093806     
   13.618365126028488     
   12.030007583896296     
   12.083067210304646     
   12.605922623303709     
   12.288932428022575     
   12.195487290946003     
   12.727263573009242     
   12.111294364824015     
   12.766208961279998     
   12.218299578821583     
   12.425234779274122     
   11.259352758680059     
   11.045097247085721     
   11.286597907335704     
   13.383449885601053     
   11.995701123899547     
   12.099980109925832     
   13.699766519769629     
   13.006873660468536     
   12.640020293836931     
   13.004585899575840     
   13.399465862788688     
   14.698428897029380     
   12.906074287705705     
   12.619861012534727     
   13.755164553470195     
   13.038122324637182     
   12.313467751192711     
   11.702152810112970     
   13.899391222327019     
   13.158785978151144     
   13.904655882132728     
   13.354036013368697     
   12.325662960504946     
   12.138688467154651     
   12.567796560598698     
   12.619072040386499     
   12.628794976546697     
   12.441203277562606     
   11.676145929744052     
   11.853386970568959     
   11.829637418455492     
   12.431169630384222     
   13.021379017772093     
   11.538915805989550     
   10.875180342510506     
   11.708052887918267     
   10.924594787736158     
   11.383967038116502     
   11.272584665177185     
   10.678389858740800     
   11.634524839784548     
   12.504769195320915     
   12.147927986899823     
   12.266623020799978     
   11.965888988785746     
   11.821935683666537     
   11.767668791750548     
   11.877353097772630     
   11.851420566993413     
   11.918682281036981     
   12.062314379072147     
   12.035706897442477     
   12.173437257364665     
   12.700742324873262     
   12.854300337786855     
   12.992485023902343     
   13.461975790812794     
   13.382046993134491     
   13.245870871268835     
   12.149760473109254     
   11.868045463112558     
   11.659105292879614     
   11.731613408820532     
   12.528810328068076     
   11.687025965334133     
   11.990735510756505     
   12.599563139146852     
   12.075950296132605     
   12.037709397450907     
   12.093977336800966     
   12.071578138570647     
   11.960208973808115     
   249.34295130397851     
   78.616410157934027     
   58.887628867899373     
   54.681814014565298     
   44.547841407458620     
   40.756436662791849     
   39.506482916672866     
   38.371344358141201     
   37.757428430706668     
   37.089104014964484     
   36.339626847746807     
   35.628087333897135     
   35.617929346895295     
   35.566256549012152     
   33.924604003083765     
   33.904807167253118     
   31.315363389784277     
   31.284816408356786     
   28.972994396155862     
   28.558480048301199     
   27.609878324561969     
   29.895092214087818     
   27.335842493482684     
   27.616111424996536     
   25.577263074925455     
   26.174709239704953     
   25.852902061279472     
   25.751042635882037     
   26.770190085160831     
   27.401169568598863     
   26.101564078939511     
   27.452303877020839     
   25.719536914519139     
   24.770768254506947     
   25.890641290228025     
   24.361973594773147     
   24.686783452201936     
   24.971187784929818     
   23.829318524779097     
   24.392454459320636     
   23.330394493852559     
   21.528513429083993     
   22.065867944628238     
   22.659758721286128     
   21.670693419840692     
   18.589973046241120     
   21.200249932767221     
   21.210605257010577     
   23.327835800867444     
   25.218844527202172     
   22.255540767399793     
   20.700155717567796     
   19.573482551079469     
   18.579311697572958     
   20.834736361915340     
   21.013882419037731     
   22.112830391920888     
   21.069516954785755     
   17.128048768608569     
   17.954713539269861     
   22.148381711286770     
   18.229231742156284     
   19.325442610514585     
   21.145214851239238     
   25.465994441069434     
   23.147960680097139     
   23.143184746057727     
   20.244004031517139     
   24.402958519633835     
   23.699800819092705     
   21.977956589557614     
   21.299274067438514     
   21.723442617098002     
   22.851585251681783     
   22.005130205007191     
   19.671744953257853     
   22.358256996406890     
   17.300815785913933     
   19.365866164379170     
   21.384181980923817     
   21.222015209578359     
   20.183571243860058     
   19.173907477728882     
   20.270221451187556     
   18.135475637088259     
   17.548482318569359     
   17.418163056186060     
   17.630207392379344     
   17.941051960704812     
   17.666836922863631     
   17.665667270487901     
   17.102038507674095     
   16.730705906035730     
   16.628154044047829     
   17.823723146059940     
   17.014255474955064     
   15.870614354801443     
   16.093673967266575     
   15.821880716778885     
   16.085179623028733     
   14.740067063858906     
   14.943180388285672     
   16.430688714352918     
   16.855134570555855     
   16.751026357747563     
   16.807827220118419     
   16.809109376892117     
   16.821194151868699     
   16.255361051359046     
   16.111609112804626     
   15.703466477385202     
   15.570102439150642     
   15.667240089024000     
   15.446328473699136     
   15.627433251917932     
   16.725603944377859     
   15.624936776178277     
   15.006044090432640     
   16.284585306572890     
   16.728470578061003     
   17.133497885899462     
   15.831087536431983     
   17.843982168865331     
   15.503656450453837     
   15.640119138110300     
   16.013081759735197     
   16.509683081288784     
   16.331553233844232     
   15.633084909363211     
   15.240222074942926     
   14.691215818168923     
   14.247446593594754     
   14.168112256414275     
   14.680809796001839     
   15.876780500483637     
   16.265709401562130     
   15.405597252145053     
   14.889413078332616     
   14.713225225857954     
   14.909854489881802     
   15.042308938923135     
   15.550157433331256     
   15.271745231114583     
   14.762998496471560     
   14.171080340251692     
   14.235814973208782     
   14.267366595997904     
   14.437081220245958     
   15.476822464337841     
   14.279804588009011     
   12.995361671792661     
   13.923338020499461     
   14.141083285908268     
   14.654446410009594     
   13.540000683689145     
   13.439463601040863     
   12.978181228244985     
   14.112479018516638     
   14.022700709178137     
   14.731701264165698     
   15.756032786709127     
   12.815982568239264     
   12.705634532995621     
   13.020950911358280     
   13.197120958591000     
   14.860463715774701     
   14.930749879509330     
   13.396707101557812     
   13.434281279054634     
   13.141211889975045     
   13.100198037619251     
   13.065061248386453     
   13.444251713015344     
   13.503157520850809     
   13.493865441664246     
   13.546198585701156     
   13.177138325755545     
   13.445638518042077     
   13.361840390765154     
   13.468273341607389     
   13.332668757256480     
   13.467000884620518     
   13.554956489461730     
   13.615453863799399     
   12.968547882058729     
   13.127834224078418     
   12.927482671607418     
   13.006638409704737     
   12.962584799696533     
   15.034923951298854     
   13.363519365291378     
   13.645766915599818     
   13.158823575375033     
   13.726408725006124     
   13.584903056384384     
   13.748778037511817     
   13.798188272570314     
   14.054713649104034     
   13.536012315405577     
   13.617423084528864     
   14.191018985532576     
   14.136581523156089     
   13.881356297179877     
   13.596528300413722     
   13.514624883458453     
   13.085295218278691     
   13.704977177007603     
   14.110157168309600     
   13.070304923030157     
   13.675405936537853     
   13.203217166755913     
   13.756021297141038     
   14.275942259735494     
   13.559437150338338     
   13.433011477769671     
   13.223661718199590     
   13.635138485748881     
   13.700887594969112     
   13.581154293288582     
   13.681038614788932     
   13.529261569201450     
   13.638272910306540     
   13.572430772145278     
   13.387154592678325     
   13.595613696229050     
   13.636029486437078     
   13.554588144518711     
   13.379986682749314     
   13.139768206516177     
   13.017296311961243     
   12.807407168924412     
   12.148474976417512     
   12.011969945121272     
   12.508781722738775     
   12.795015009172435     
   12.939958583681795     
   12.813637530721969     
   13.583055663978865     
   13.545073126239345     
   13.425239095578409     
   13.256647065626790     
   12.851151413018954     
   12.665784666333053     
   12.328779382754512     
   11.449906388224722     
   11.434102122249520     
   11.442783438073011     
   11.434383091702433     
   11.423120621462012     
   11.560040772439400     
   251.19164086018597     
   77.884835119387844     
   57.724458495654495     
   53.839869497368930     
   45.368224472376895     
   42.321154408187823     
   39.088243562434286     
   35.787186647707863     
   36.207504009066433     
   37.129378044140338     
   34.167892176633963     
   35.209655704012732     
   34.643978996168840     
   36.582080658693997     
   35.059684950169924     
   34.319881566506673     
   30.643147047445787     
   32.020272636303538     
   29.606239598174305     
   29.259089112071777     
   27.382043545774486     
   29.819103053156276     
   28.435997621137496     
   27.255403023457177     
   25.297683621279397     
   24.824737872163663     
   25.624956644780127     
   25.999914735283788     
   26.450460116386793     
   26.342074231679362     
   27.667945324792026     
   26.897439595846834     
   25.423485851454519     
   25.061680545716175     
   26.436667886640667     
   24.478684435868047     
   26.000577372535719     
   24.762167201186777     
   21.372601019071702     
   23.719573405222675     
   21.859188875791162     
   21.357565575443111     
   22.750482599841000     
   21.441673490876838     
   22.121727126633736     
   21.180764272215949     
   20.840570766746374     
   21.255318763578657     
   20.593718334695446     
   26.890559586202230     
   21.668485825087721     
   20.975396690133042     
   19.722418956528280     
   19.440425691564641     
   21.055957137843045     
   19.767270614925884     
   21.054259999650998     
   23.064865359648572     
   22.283132924861285     
   23.061157778751124     
   19.437409407093632     
   19.240431702325616     
   17.908643064449009     
   19.286325930324388     
   23.609828052645945     
   26.733052492559846     
   24.283128555316857     
   23.694714088235497     
   19.000440546792138     
   21.379570290476074     
   21.426731334806590     
   24.575435297328291     
   22.998069929132555     
   21.379227462686590     
   20.857906467179472     
   21.023449916466820     
   20.472172696124794     
   19.636895939464075     
   19.594201842775767     
   20.875554039398558     
   22.092051513146192     
   21.963433320024375     
   19.918805537122523     
   16.851816602443137     
   17.009290591097635     
   17.104777236492477     
   16.868653286887970     
   16.816932112372907     
   16.407133965378080     
   14.584871526543179     
   14.515316325621585     
   15.978731358295489     
   16.777059384722381     
   17.114966199577239     
   16.439054330035535     
   17.042807571146252     
   17.624032804411822     
   16.942805604299135     
   16.377631670712155     
   16.185532550110672     
   17.040291812995427     
   16.987380187297500     
   15.900618531991467     
   15.073705486590407     
   15.864839566423999     
   16.154405973625266     
   15.997257904050379     
   15.376364794407356     
   15.932731896556598     
   16.690836482833635     
   16.267581918438335     
   16.455203730966979     
   16.522902464987133     
   16.392009016378086     
   15.723425946265005     
   15.268396718128313     
   17.389882384906308     
   16.941402253369791     
   16.379089533728980     
   17.671006903540828     
   17.968041077642400     
   16.743358271034111     
   17.277368610161609     
   15.682180249090623     
   14.927875056540298     
   14.475793520013147     
   15.180357814278297     
   15.093648355952173     
   15.260502006495532     
   14.053848691079690     
   14.011259248515351     
   13.838772595465343     
   13.630832126376596     
   13.043202365964659     
   13.160545803863513     
   13.469933505677368     
   14.728077166021651     
   15.188542348466111     
   15.145323590844288     
   15.032461947994761     
   14.795299394823951     
   13.719213798222587     
   13.943340703164811     
   13.931361353343927     
   13.928616041797840     
   13.751075746909848     
   13.717298344950503     
   13.776401939098117     
   13.801521571350257     
   15.069246289209344     
   15.802532403639319     
   15.432202277325938     
   14.925184415983525     
   14.419993929194696     
   14.485078880270665     
   14.328105868516147     
   14.485235652488175     
   15.787313944538440     
   14.902790842258174     
   16.124431391748516     
   15.508590854581602     
   14.018029946438677     
   13.975002333051455     
   13.801335496466512     
   13.702798003050818     
   14.667784954248221     
   15.546578635857490     
   13.606137736627884     
   13.728845861477870     
   13.852195858194257     
   13.920719678620951     
   14.031358488410921     
   13.643853797984805     
   13.170691652129870     
   13.095025222204621     
   13.155456877223607     
   13.840083699973551     
   13.043914028884618     
   12.915307739262230     
   12.812222349303898     
   12.786457162172733     
   12.690454836080628     
   14.237136318085712     
   13.732387227758263     
   12.766633607736495     
   12.605694660471459     
   13.356765486056741     
   12.975027232506347     
   12.536364776956898     
   14.777420781490569     
   12.476356934821162     
   12.884601867156009     
   13.317774627897050     
   13.281754187469444     
   14.876303775620295     
   14.526850229950364     
   13.305953147984116     
   12.382351509366355     
   11.769087128975457     
   11.691952664146488     
   11.940919071500705     
   12.336237964023882     
   11.356933595445277     
   11.554851715061458     
   11.532664252842141     
   12.482812408029982     
   12.963468136333605     
   12.884495489272830     
   13.487619574894289     
   12.748484806642269     
   13.191104402593620     
   13.153238741366225     
   12.469477681169248     
   12.826612260273432     
   12.736752210271980     
   12.662397653994628     
   11.974930337027430     
   11.697652916054722     
   11.201670559809470     
   10.614733270985566     
   11.216793897302740     
   10.843277605166962     
   10.445532045571783     
   10.918518522714653     
   10.949667045795351     
   10.926260803105814     
   11.074822289975623     
   11.047998939464648     
   11.007362093165924     
   11.209753369481824     
   11.553709791536253     
   11.458363029394636     
   11.223989998936647     
   11.006594839961300     
   10.490571888716669     
   10.511913910035503     
   10.108152912955987     
   10.109858022540955     
   10.090661457060005     
   10.071886775877697     
   10.252433320286812     
   11.386354347185360     
   13.017153082718348     
   12.834675800152311     
   12.505056258123615     
   12.462903615745994     
   12.422984146481658     
   12.385072994740179     
   12.348977694159204     
   12.314532305393797     
