1
5000
1
 1.517893e+02
 1.282854e+02
 1.131371e+02
 1.023363e+02
 9.413574e+01
 8.763561e+01
 8.231932e+01
 7.786628e+01
 7.406561e+01
 7.077214e+01
 6.788225e+01
 6.531973e+01
 6.302709e+01
 6.096006e+01
 5.908392e+01
 5.737097e+01
 5.579887e+01
 5.434930e+01
 5.300713e+01
 5.175973e+01
 5.059644e+01
 4.950822e+01
 4.848732e+01
 4.752708e+01
 4.662172e+01
 4.576620e+01
 4.495612e+01
 4.418758e+01
 4.345716e+01
 4.276180e+01
 4.209878e+01
 4.146568e+01
 4.086031e+01
 4.028071e+01
 3.972508e+01
 3.919184e+01
 3.867950e+01
 3.818675e+01
 3.771236e+01
 3.725523e+01
 3.681432e+01
 3.638871e+01
 3.597752e+01
 3.557997e+01
 3.519531e+01
 3.482286e+01
 3.446199e+01
 3.411211e+01
 3.377268e+01
 3.344318e+01
 3.312315e+01
 3.281212e+01
 3.250970e+01
 3.221549e+01
 3.192913e+01
 3.165026e+01
 3.137858e+01
 3.111378e+01
 3.085557e+01
 3.060368e+01
 3.035787e+01
 3.011788e+01
 2.988349e+01
 2.965450e+01
 2.943069e+01
 2.921187e+01
 2.899786e+01
 2.878849e+01
 2.858358e+01
 2.838300e+01
 2.818657e+01
 2.799417e+01
 2.780565e+01
 2.762090e+01
 2.743977e+01
 2.726217e+01
 2.708797e+01
 2.691706e+01
 2.674935e+01
 2.658474e+01
 2.642313e+01
 2.626443e+01
 2.610856e+01
 2.595543e+01
 2.580496e+01
 2.565708e+01
 2.551171e+01
 2.536879e+01
 2.522824e+01
 2.509000e+01
 2.495401e+01
 2.482021e+01
 2.468854e+01
 2.455894e+01
 2.443136e+01
 2.430574e+01
 2.418205e+01
 2.406023e+01
 2.394022e+01
 2.382200e+01
 2.370551e+01
 2.359071e+01
 2.347757e+01
 2.336603e+01
 2.325608e+01
 2.314766e+01
 2.304074e+01
 2.293529e+01
 2.283127e+01
 2.272866e+01
 2.262742e+01
 2.252752e+01
 2.242893e+01
 2.233162e+01
 2.223557e+01
 2.214075e+01
 2.204713e+01
 2.195469e+01
 2.186340e+01
 2.177324e+01
 2.168419e+01
 2.159622e+01
 2.150931e+01
 2.142345e+01
 2.133860e+01
 2.125476e+01
 2.117189e+01
 2.108999e+01
 2.100903e+01
 2.092899e+01
 2.084987e+01
 2.077163e+01
 2.069427e+01
 2.061777e+01
 2.054210e+01
 2.046727e+01
 2.039325e+01
 2.032002e+01
 2.024758e+01
 2.017590e+01
 2.010499e+01
 2.003481e+01
 1.996537e+01
 1.989664e+01
 1.982862e+01
 1.976129e+01
 1.969464e+01
 1.962866e+01
 1.956334e+01
 1.949867e+01
 1.943463e+01
 1.937122e+01
 1.930843e+01
 1.924625e+01
 1.918466e+01
 1.912366e+01
 1.906324e+01
 1.900338e+01
 1.894409e+01
 1.888535e+01
 1.882715e+01
 1.876949e+01
 1.871235e+01
 1.865573e+01
 1.859962e+01
 1.854402e+01
 1.848891e+01
 1.843429e+01
 1.838015e+01
 1.832649e+01
 1.827329e+01
 1.822055e+01
 1.816827e+01
 1.811643e+01
 1.806504e+01
 1.801408e+01
 1.796355e+01
 1.791344e+01
 1.786375e+01
 1.781447e+01
 1.776560e+01
 1.771712e+01
 1.766904e+01
 1.762135e+01
 1.757405e+01
 1.752712e+01
 1.748057e+01
 1.743439e+01
 1.738857e+01
 1.734310e+01
 1.729800e+01
 1.725324e+01
 1.720883e+01
 1.716476e+01
 1.712103e+01
 1.707763e+01
 1.703456e+01
 1.699182e+01
 1.694939e+01
 1.690728e+01
 1.686548e+01
 1.682399e+01
 1.678281e+01
 1.674192e+01
 1.670134e+01
 1.666104e+01
 1.662104e+01
 1.658132e+01
 1.654189e+01
 1.650274e+01
 1.646386e+01
 1.642526e+01
 1.638693e+01
 1.634886e+01
 1.631106e+01
 1.627352e+01
 1.623624e+01
 1.619922e+01
 1.616244e+01
 1.612592e+01
 1.608964e+01
 1.605360e+01
 1.601781e+01
 1.598225e+01
 1.594693e+01
 1.591185e+01
 1.587699e+01
 1.584236e+01
 1.580796e+01
 1.577378e+01
 1.573982e+01
 1.570608e+01
 1.567256e+01
 1.563925e+01
 1.560615e+01
 1.557326e+01
 1.554057e+01
 1.550810e+01
 1.547582e+01
 1.544375e+01
 1.541187e+01
 1.538019e+01
 1.534871e+01
 1.531742e+01
 1.528631e+01
 1.525540e+01
 1.522468e+01
 1.519413e+01
 1.516378e+01
 1.513360e+01
 1.510360e+01
 1.507378e+01
 1.504414e+01
 1.501467e+01
 1.498537e+01
 1.495625e+01
 1.492729e+01
 1.489850e+01
 1.486988e+01
 1.484142e+01
 1.481312e+01
 1.478499e+01
 1.475701e+01
 1.472919e+01
 1.470153e+01
 1.467403e+01
 1.464668e+01
 1.461948e+01
 1.459243e+01
 1.456553e+01
 1.453878e+01
 1.451218e+01
 1.448572e+01
 1.445941e+01
 1.443323e+01
 1.440721e+01
 1.438132e+01
 1.435557e+01
 1.432995e+01
 1.430448e+01
 1.427914e+01
 1.425393e+01
 1.422886e+01
 1.420392e+01
 1.417911e+01
 1.415443e+01
 1.412988e+01
 1.410545e+01
 1.408115e+01
 1.405698e+01
 1.403293e+01
 1.400900e+01
 1.398520e+01
 1.396151e+01
 1.393795e+01
 1.391450e+01
 1.389118e+01
 1.386797e+01
 1.384487e+01
 1.382189e+01
 1.379903e+01
 1.377628e+01
 1.375364e+01
 1.373111e+01
 1.370869e+01
 1.368638e+01
 1.366418e+01
 1.364209e+01
 1.362010e+01
 1.359822e+01
 1.357645e+01
 1.355478e+01
 1.353321e+01
 1.351175e+01
 1.349039e+01
 1.346912e+01
 1.344796e+01
 1.342690e+01
 1.340594e+01
 1.338507e+01
 1.336431e+01
 1.334363e+01
 1.332306e+01
 1.330258e+01
 1.328219e+01
 1.326190e+01
 1.324169e+01
 1.322159e+01
 1.320157e+01
 1.318164e+01
 1.316180e+01
 1.314206e+01
 1.312240e+01
 1.310283e+01
 1.308334e+01
 1.306395e+01
 1.304463e+01
 1.302541e+01
 1.300627e+01
 1.298721e+01
 1.296824e+01
 1.294935e+01
 1.293054e+01
 1.291181e+01
 1.289317e+01
 1.287460e+01
 1.285612e+01
 1.283771e+01
 1.281939e+01
 1.280114e+01
 1.278297e+01
 1.276487e+01
 1.274686e+01
 1.272892e+01
 1.271105e+01
 1.269326e+01
 1.267555e+01
 1.265790e+01
 1.264034e+01
 1.262284e+01
 1.260542e+01
 1.258807e+01
 1.257079e+01
 1.255358e+01
 1.253644e+01
 1.251937e+01
 1.250237e+01
 1.248544e+01
 1.246858e+01
 1.245179e+01
 1.243507e+01
 1.241841e+01
 1.240182e+01
 1.238529e+01
 1.236883e+01
 1.235244e+01
 1.233611e+01
 1.231985e+01
 1.230365e+01
 1.228751e+01
 1.227144e+01
 1.225543e+01
 1.223948e+01
 1.222360e+01
 1.220777e+01
 1.219201e+01
 1.217631e+01
 1.216067e+01
 1.214509e+01
 1.212957e+01
 1.211411e+01
 1.209870e+01
 1.208336e+01
 1.206807e+01
 1.205285e+01
 1.203768e+01
 1.202256e+01
 1.200751e+01
 1.199251e+01
 1.197756e+01
 1.196267e+01
 1.194784e+01
 1.193306e+01
 1.191834e+01
 1.190367e+01
 1.188906e+01
 1.187450e+01
 1.185999e+01
 1.184553e+01
 1.183113e+01
 1.181678e+01
 1.180249e+01
 1.178824e+01
 1.177405e+01
 1.175990e+01
 1.174581e+01
 1.173177e+01
 1.171778e+01
 1.170384e+01
 1.168994e+01
 1.167610e+01
 1.166231e+01
 1.164856e+01
 1.163487e+01
 1.162122e+01
 1.160762e+01
 1.159407e+01
 1.158056e+01
 1.156710e+01
 1.155369e+01
 1.154033e+01
 1.152701e+01
 1.151374e+01
 1.150051e+01
 1.148733e+01
 1.147419e+01
 1.146110e+01
 1.144806e+01
 1.143506e+01
 1.142210e+01
 1.140918e+01
 1.139631e+01
 1.138349e+01
 1.137070e+01
 1.135796e+01
 1.134527e+01
 1.133261e+01
 1.132000e+01
 1.130743e+01
 1.129490e+01
 1.128241e+01
 1.126997e+01
 1.125756e+01
 1.124520e+01
 1.123287e+01
 1.122059e+01
 1.120835e+01
 1.119614e+01
 1.118398e+01
 1.117186e+01
 1.115977e+01
 1.114773e+01
 1.113572e+01
 1.112375e+01
 1.111183e+01
 1.109993e+01
 1.108808e+01
 1.107627e+01
 1.106449e+01
 1.105275e+01
 1.104105e+01
 1.102938e+01
 1.101776e+01
 1.100616e+01
 1.099461e+01
 1.098309e+01
 1.097161e+01
 1.096016e+01
 1.094875e+01
 1.093737e+01
 1.092603e+01
 1.091473e+01
 1.090346e+01
 1.089223e+01
 1.088103e+01
 1.086986e+01
 1.085873e+01
 1.084763e+01
 1.083657e+01
 1.082554e+01
 1.081454e+01
 1.080358e+01
 1.079265e+01
 1.078175e+01
 1.077089e+01
 1.076006e+01
 1.074926e+01
 1.073850e+01
 1.072776e+01
 1.071706e+01
 1.517893e+02
 1.282854e+02
 1.131371e+02
 1.023363e+02
 9.413574e+01
 8.763561e+01
 8.231932e+01
 7.786628e+01
 7.406561e+01
 7.077214e+01
 6.788225e+01
 6.531973e+01
 6.302709e+01
 6.096006e+01
 5.908392e+01
 5.737097e+01
 5.579887e+01
 5.434930e+01
 5.300713e+01
 5.175973e+01
 5.059644e+01
 4.950822e+01
 4.848732e+01
 4.752708e+01
 4.662172e+01
 4.576620e+01
 4.495612e+01
 4.418758e+01
 4.345716e+01
 4.276180e+01
 4.209878e+01
 4.146568e+01
 4.086031e+01
 4.028071e+01
 3.972508e+01
 3.919184e+01
 3.867950e+01
 3.818675e+01
 3.771236e+01
 3.725523e+01
 3.681432e+01
 3.638871e+01
 3.597752e+01
 3.557997e+01
 3.519531e+01
 3.482286e+01
 3.446199e+01
 3.411211e+01
 3.377268e+01
 3.344318e+01
 3.312315e+01
 3.281212e+01
 3.250970e+01
 3.221549e+01
 3.192913e+01
 3.165026e+01
 3.137858e+01
 3.111378e+01
 3.085557e+01
 3.060368e+01
 3.035787e+01
 3.011788e+01
 2.988349e+01
 2.965450e+01
 2.943069e+01
 2.921187e+01
 2.899786e+01
 2.878849e+01
 2.858358e+01
 2.838300e+01
 2.818657e+01
 2.799417e+01
 2.780565e+01
 2.762090e+01
 2.743977e+01
 2.726217e+01
 2.708797e+01
 2.691706e+01
 2.674935e+01
 2.658474e+01
 2.642313e+01
 2.626443e+01
 2.610856e+01
 2.595543e+01
 2.580496e+01
 2.565708e+01
 2.551171e+01
 2.536879e+01
 2.522824e+01
 2.509000e+01
 2.495401e+01
 2.482021e+01
 2.468854e+01
 2.455894e+01
 2.443136e+01
 2.430574e+01
 2.418205e+01
 2.406023e+01
 2.394022e+01
 2.382200e+01
 2.370551e+01
 2.359071e+01
 2.347757e+01
 2.336603e+01
 2.325608e+01
 2.314766e+01
 2.304074e+01
 2.293529e+01
 2.283127e+01
 2.272866e+01
 2.262742e+01
 2.252752e+01
 2.242893e+01
 2.233162e+01
 2.223557e+01
 2.214075e+01
 2.204713e+01
 2.195469e+01
 2.186340e+01
 2.177324e+01
 2.168419e+01
 2.159622e+01
 2.150931e+01
 2.142345e+01
 2.133860e+01
 2.125476e+01
 2.117189e+01
 2.108999e+01
 2.100903e+01
 2.092899e+01
 2.084987e+01
 2.077163e+01
 2.069427e+01
 2.061777e+01
 2.054210e+01
 2.046727e+01
 2.039325e+01
 2.032002e+01
 2.024758e+01
 2.017590e+01
 2.010499e+01
 2.003481e+01
 1.996537e+01
 1.989664e+01
 1.982862e+01
 1.976129e+01
 1.969464e+01
 1.962866e+01
 1.956334e+01
 1.949867e+01
 1.943463e+01
 1.937122e+01
 1.930843e+01
 1.924625e+01
 1.918466e+01
 1.912366e+01
 1.906324e+01
 1.900338e+01
 1.894409e+01
 1.888535e+01
 1.882715e+01
 1.876949e+01
 1.871235e+01
 1.865573e+01
 1.859962e+01
 1.854402e+01
 1.848891e+01
 1.843429e+01
 1.838015e+01
 1.832649e+01
 1.827329e+01
 1.822055e+01
 1.816827e+01
 1.811643e+01
 1.806504e+01
 1.801408e+01
 1.796355e+01
 1.791344e+01
 1.786375e+01
 1.781447e+01
 1.776560e+01
 1.771712e+01
 1.766904e+01
 1.762135e+01
 1.757405e+01
 1.752712e+01
 1.748057e+01
 1.743439e+01
 1.738857e+01
 1.734310e+01
 1.729800e+01
 1.725324e+01
 1.720883e+01
 1.716476e+01
 1.712103e+01
 1.707763e+01
 1.703456e+01
 1.699182e+01
 1.694939e+01
 1.690728e+01
 1.686548e+01
 1.682399e+01
 1.678281e+01
 1.674192e+01
 1.670134e+01
 1.666104e+01
 1.662104e+01
 1.658132e+01
 1.654189e+01
 1.650274e+01
 1.646386e+01
 1.642526e+01
 1.638693e+01
 1.634886e+01
 1.631106e+01
 1.627352e+01
 1.623624e+01
 1.619922e+01
 1.616244e+01
 1.612592e+01
 1.608964e+01
 1.605360e+01
 1.601781e+01
 1.598225e+01
 1.594693e+01
 1.591185e+01
 1.587699e+01
 1.584236e+01
 1.580796e+01
 1.577378e+01
 1.573982e+01
 1.570608e+01
 1.567256e+01
 1.563925e+01
 1.560615e+01
 1.557326e+01
 1.554057e+01
 1.550810e+01
 1.547582e+01
 1.544375e+01
 1.541187e+01
 1.538019e+01
 1.534871e+01
 1.531742e+01
 1.528631e+01
 1.525540e+01
 1.522468e+01
 1.519413e+01
 1.516378e+01
 1.513360e+01
 1.510360e+01
 1.507378e+01
 1.504414e+01
 1.501467e+01
 1.498537e+01
 1.495625e+01
 1.492729e+01
 1.489850e+01
 1.486988e+01
 1.484142e+01
 1.481312e+01
 1.478499e+01
 1.475701e+01
 1.472919e+01
 1.470153e+01
 1.467403e+01
 1.464668e+01
 1.461948e+01
 1.459243e+01
 1.456553e+01
 1.453878e+01
 1.451218e+01
 1.448572e+01
 1.445941e+01
 1.443323e+01
 1.440721e+01
 1.438132e+01
 1.435557e+01
 1.432995e+01
 1.430448e+01
 1.427914e+01
 1.425393e+01
 1.422886e+01
 1.420392e+01
 1.417911e+01
 1.415443e+01
 1.412988e+01
 1.410545e+01
 1.408115e+01
 1.405698e+01
 1.403293e+01
 1.400900e+01
 1.398520e+01
 1.396151e+01
 1.393795e+01
 1.391450e+01
 1.389118e+01
 1.386797e+01
 1.384487e+01
 1.382189e+01
 1.379903e+01
 1.377628e+01
 1.375364e+01
 1.373111e+01
 1.370869e+01
 1.368638e+01
 1.366418e+01
 1.364209e+01
 1.362010e+01
 1.359822e+01
 1.357645e+01
 1.355478e+01
 1.353321e+01
 1.351175e+01
 1.349039e+01
 1.346912e+01
 1.344796e+01
 1.342690e+01
 1.340594e+01
 1.338507e+01
 1.336431e+01
 1.334363e+01
 1.332306e+01
 1.330258e+01
 1.328219e+01
 1.326190e+01
 1.324169e+01
 1.322159e+01
 1.320157e+01
 1.318164e+01
 1.316180e+01
 1.314206e+01
 1.312240e+01
 1.310283e+01
 1.308334e+01
 1.306395e+01
 1.304463e+01
 1.302541e+01
 1.300627e+01
 1.298721e+01
 1.296824e+01
 1.294935e+01
 1.293054e+01
 1.291181e+01
 1.289317e+01
 1.287460e+01
 1.285612e+01
 1.283771e+01
 1.281939e+01
 1.280114e+01
 1.278297e+01
 1.276487e+01
 1.274686e+01
 1.272892e+01
 1.271105e+01
 1.269326e+01
 1.267555e+01
 1.265790e+01
 1.264034e+01
 1.262284e+01
 1.260542e+01
 1.258807e+01
 1.257079e+01
 1.255358e+01
 1.253644e+01
 1.251937e+01
 1.250237e+01
 1.248544e+01
 1.246858e+01
 1.245179e+01
 1.243507e+01
 1.241841e+01
 1.240182e+01
 1.238529e+01
 1.236883e+01
 1.235244e+01
 1.233611e+01
 1.231985e+01
 1.230365e+01
 1.228751e+01
 1.227144e+01
 1.225543e+01
 1.223948e+01
 1.222360e+01
 1.220777e+01
 1.219201e+01
 1.217631e+01
 1.216067e+01
 1.214509e+01
 1.212957e+01
 1.211411e+01
 1.209870e+01
 1.208336e+01
 1.206807e+01
 1.205285e+01
 1.203768e+01
 1.202256e+01
 1.200751e+01
 1.199251e+01
 1.197756e+01
 1.196267e+01
 1.194784e+01
 1.193306e+01
 1.191834e+01
 1.190367e+01
 1.188906e+01
 1.187450e+01
 1.185999e+01
 1.184553e+01
 1.183113e+01
 1.181678e+01
 1.180249e+01
 1.178824e+01
 1.177405e+01
 1.175990e+01
 1.174581e+01
 1.173177e+01
 1.171778e+01
 1.170384e+01
 1.168994e+01
 1.167610e+01
 1.166231e+01
 1.164856e+01
 1.163487e+01
 1.162122e+01
 1.160762e+01
 1.159407e+01
 1.158056e+01
 1.156710e+01
 1.155369e+01
 1.154033e+01
 1.152701e+01
 1.151374e+01
 1.150051e+01
 1.148733e+01
 1.147419e+01
 1.146110e+01
 1.144806e+01
 1.143506e+01
 1.142210e+01
 1.140918e+01
 1.139631e+01
 1.138349e+01
 1.137070e+01
 1.135796e+01
 1.134527e+01
 1.133261e+01
 1.132000e+01
 1.130743e+01
 1.129490e+01
 1.128241e+01
 1.126997e+01
 1.125756e+01
 1.124520e+01
 1.123287e+01
 1.122059e+01
 1.120835e+01
 1.119614e+01
 1.118398e+01
 1.117186e+01
 1.115977e+01
 1.114773e+01
 1.113572e+01
 1.112375e+01
 1.111183e+01
 1.109993e+01
 1.108808e+01
 1.107627e+01
 1.106449e+01
 1.105275e+01
 1.104105e+01
 1.102938e+01
 1.101776e+01
 1.100616e+01
 1.099461e+01
 1.098309e+01
 1.097161e+01
 1.096016e+01
 1.094875e+01
 1.093737e+01
 1.092603e+01
 1.091473e+01
 1.090346e+01
 1.089223e+01
 1.088103e+01
 1.086986e+01
 1.085873e+01
 1.084763e+01
 1.083657e+01
 1.082554e+01
 1.081454e+01
 1.080358e+01
 1.079265e+01
 1.078175e+01
 1.077089e+01
 1.076006e+01
 1.074926e+01
 1.073850e+01
 1.072776e+01
 1.071706e+01
 1.517893e+02
 1.282854e+02
 1.131371e+02
 1.023363e+02
 9.413574e+01
 8.763561e+01
 8.231932e+01
 7.786628e+01
 7.406561e+01
 7.077214e+01
 6.788225e+01
 6.531973e+01
 6.302709e+01
 6.096006e+01
 5.908392e+01
 5.737097e+01
 5.579887e+01
 5.434930e+01
 5.300713e+01
 5.175973e+01
 5.059644e+01
 4.950822e+01
 4.848732e+01
 4.752708e+01
 4.662172e+01
 4.576620e+01
 4.495612e+01
 4.418758e+01
 4.345716e+01
 4.276180e+01
 4.209878e+01
 4.146568e+01
 4.086031e+01
 4.028071e+01
 3.972508e+01
 3.919184e+01
 3.867950e+01
 3.818675e+01
 3.771236e+01
 3.725523e+01
 3.681432e+01
 3.638871e+01
 3.597752e+01
 3.557997e+01
 3.519531e+01
 3.482286e+01
 3.446199e+01
 3.411211e+01
 3.377268e+01
 3.344318e+01
 3.312315e+01
 3.281212e+01
 3.250970e+01
 3.221549e+01
 3.192913e+01
 3.165026e+01
 3.137858e+01
 3.111378e+01
 3.085557e+01
 3.060368e+01
 3.035787e+01
 3.011788e+01
 2.988349e+01
 2.965450e+01
 2.943069e+01
 2.921187e+01
 2.899786e+01
 2.878849e+01
 2.858358e+01
 2.838300e+01
 2.818657e+01
 2.799417e+01
 2.780565e+01
 2.762090e+01
 2.743977e+01
 2.726217e+01
 2.708797e+01
 2.691706e+01
 2.674935e+01
 2.658474e+01
 2.642313e+01
 2.626443e+01
 2.610856e+01
 2.595543e+01
 2.580496e+01
 2.565708e+01
 2.551171e+01
 2.536879e+01
 2.522824e+01
 2.509000e+01
 2.495401e+01
 2.482021e+01
 2.468854e+01
 2.455894e+01
 2.443136e+01
 2.430574e+01
 2.418205e+01
 2.406023e+01
 2.394022e+01
 2.382200e+01
 2.370551e+01
 2.359071e+01
 2.347757e+01
 2.336603e+01
 2.325608e+01
 2.314766e+01
 2.304074e+01
 2.293529e+01
 2.283127e+01
 2.272866e+01
 2.262742e+01
 2.252752e+01
 2.242893e+01
 2.233162e+01
 2.223557e+01
 2.214075e+01
 2.204713e+01
 2.195469e+01
 2.186340e+01
 2.177324e+01
 2.168419e+01
 2.159622e+01
 2.150931e+01
 2.142345e+01
 2.133860e+01
 2.125476e+01
 2.117189e+01
 2.108999e+01
 2.100903e+01
 2.092899e+01
 2.084987e+01
 2.077163e+01
 2.069427e+01
 2.061777e+01
 2.054210e+01
 2.046727e+01
 2.039325e+01
 2.032002e+01
 2.024758e+01
 2.017590e+01
 2.010499e+01
 2.003481e+01
 1.996537e+01
 1.989664e+01
 1.982862e+01
 1.976129e+01
 1.969464e+01
 1.962866e+01
 1.956334e+01
 1.949867e+01
 1.943463e+01
 1.937122e+01
 1.930843e+01
 1.924625e+01
 1.918466e+01
 1.912366e+01
 1.906324e+01
 1.900338e+01
 1.894409e+01
 1.888535e+01
 1.882715e+01
 1.876949e+01
 1.871235e+01
 1.865573e+01
 1.859962e+01
 1.854402e+01
 1.848891e+01
 1.843429e+01
 1.838015e+01
 1.832649e+01
 1.827329e+01
 1.822055e+01
 1.816827e+01
 1.811643e+01
 1.806504e+01
 1.801408e+01
 1.796355e+01
 1.791344e+01
 1.786375e+01
 1.781447e+01
 1.776560e+01
 1.771712e+01
 1.766904e+01
 1.762135e+01
 1.757405e+01
 1.752712e+01
 1.748057e+01
 1.743439e+01
 1.738857e+01
 1.734310e+01
 1.729800e+01
 1.725324e+01
 1.720883e+01
 1.716476e+01
 1.712103e+01
 1.707763e+01
 1.703456e+01
 1.699182e+01
 1.694939e+01
 1.690728e+01
 1.686548e+01
 1.682399e+01
 1.678281e+01
 1.674192e+01
 1.670134e+01
 1.666104e+01
 1.662104e+01
 1.658132e+01
 1.654189e+01
 1.650274e+01
 1.646386e+01
 1.642526e+01
 1.638693e+01
 1.634886e+01
 1.631106e+01
 1.627352e+01
 1.623624e+01
 1.619922e+01
 1.616244e+01
 1.612592e+01
 1.608964e+01
 1.605360e+01
 1.601781e+01
 1.598225e+01
 1.594693e+01
 1.591185e+01
 1.587699e+01
 1.584236e+01
 1.580796e+01
 1.577378e+01
 1.573982e+01
 1.570608e+01
 1.567256e+01
 1.563925e+01
 1.560615e+01
 1.557326e+01
 1.554057e+01
 1.550810e+01
 1.547582e+01
 1.544375e+01
 1.541187e+01
 1.538019e+01
 1.534871e+01
 1.531742e+01
 1.528631e+01
 1.525540e+01
 1.522468e+01
 1.519413e+01
 1.516378e+01
 1.513360e+01
 1.510360e+01
 1.507378e+01
 1.504414e+01
 1.501467e+01
 1.498537e+01
 1.495625e+01
 1.492729e+01
 1.489850e+01
 1.486988e+01
 1.484142e+01
 1.481312e+01
 1.478499e+01
 1.475701e+01
 1.472919e+01
 1.470153e+01
 1.467403e+01
 1.464668e+01
 1.461948e+01
 1.459243e+01
 1.456553e+01
 1.453878e+01
 1.451218e+01
 1.448572e+01
 1.445941e+01
 1.443323e+01
 1.440721e+01
 1.438132e+01
 1.435557e+01
 1.432995e+01
 1.430448e+01
 1.427914e+01
 1.425393e+01
 1.422886e+01
 1.420392e+01
 1.417911e+01
 1.415443e+01
 1.412988e+01
 1.410545e+01
 1.408115e+01
 1.405698e+01
 1.403293e+01
 1.400900e+01
 1.398520e+01
 1.396151e+01
 1.393795e+01
 1.391450e+01
 1.389118e+01
 1.386797e+01
 1.384487e+01
 1.382189e+01
 1.379903e+01
 1.377628e+01
 1.375364e+01
 1.373111e+01
 1.370869e+01
 1.368638e+01
 1.366418e+01
 1.364209e+01
 1.362010e+01
 1.359822e+01
 1.357645e+01
 1.355478e+01
 1.353321e+01
 1.351175e+01
 1.349039e+01
 1.346912e+01
 1.344796e+01
 1.342690e+01
 1.340594e+01
 1.338507e+01
 1.336431e+01
 1.334363e+01
 1.332306e+01
 1.330258e+01
 1.328219e+01
 1.326190e+01
 1.324169e+01
 1.322159e+01
 1.320157e+01
 1.318164e+01
 1.316180e+01
 1.314206e+01
 1.312240e+01
 1.310283e+01
 1.308334e+01
 1.306395e+01
 1.304463e+01
 1.302541e+01
 1.300627e+01
 1.298721e+01
 1.296824e+01
 1.294935e+01
 1.293054e+01
 1.291181e+01
 1.289317e+01
 1.287460e+01
 1.285612e+01
 1.283771e+01
 1.281939e+01
 1.280114e+01
 1.278297e+01
 1.276487e+01
 1.274686e+01
 1.272892e+01
 1.271105e+01
 1.269326e+01
 1.267555e+01
 1.265790e+01
 1.264034e+01
 1.262284e+01
 1.260542e+01
 1.258807e+01
 1.257079e+01
 1.255358e+01
 1.253644e+01
 1.251937e+01
 1.250237e+01
 1.248544e+01
 1.246858e+01
 1.245179e+01
 1.243507e+01
 1.241841e+01
 1.240182e+01
 1.238529e+01
 1.236883e+01
 1.235244e+01
 1.233611e+01
 1.231985e+01
 1.230365e+01
 1.228751e+01
 1.227144e+01
 1.225543e+01
 1.223948e+01
 1.222360e+01
 1.220777e+01
 1.219201e+01
 1.217631e+01
 1.216067e+01
 1.214509e+01
 1.212957e+01
 1.211411e+01
 1.209870e+01
 1.208336e+01
 1.206807e+01
 1.205285e+01
 1.203768e+01
 1.202256e+01
 1.200751e+01
 1.199251e+01
 1.197756e+01
 1.196267e+01
 1.194784e+01
 1.193306e+01
 1.191834e+01
 1.190367e+01
 1.188906e+01
 1.187450e+01
 1.185999e+01
 1.184553e+01
 1.183113e+01
 1.181678e+01
 1.180249e+01
 1.178824e+01
 1.177405e+01
 1.175990e+01
 1.174581e+01
 1.173177e+01
 1.171778e+01
 1.170384e+01
 1.168994e+01
 1.167610e+01
 1.166231e+01
 1.164856e+01
 1.163487e+01
 1.162122e+01
 1.160762e+01
 1.159407e+01
 1.158056e+01
 1.156710e+01
 1.155369e+01
 1.154033e+01
 1.152701e+01
 1.151374e+01
 1.150051e+01
 1.148733e+01
 1.147419e+01
 1.146110e+01
 1.144806e+01
 1.143506e+01
 1.142210e+01
 1.140918e+01
 1.139631e+01
 1.138349e+01
 1.137070e+01
 1.135796e+01
 1.134527e+01
 1.133261e+01
 1.132000e+01
 1.130743e+01
 1.129490e+01
 1.128241e+01
 1.126997e+01
 1.125756e+01
 1.124520e+01
 1.123287e+01
 1.122059e+01
 1.120835e+01
 1.119614e+01
 1.118398e+01
 1.117186e+01
 1.115977e+01
 1.114773e+01
 1.113572e+01
 1.112375e+01
 1.111183e+01
 1.109993e+01
 1.108808e+01
 1.107627e+01
 1.106449e+01
 1.105275e+01
 1.104105e+01
 1.102938e+01
 1.101776e+01
 1.100616e+01
 1.099461e+01
 1.098309e+01
 1.097161e+01
 1.096016e+01
 1.094875e+01
 1.093737e+01
 1.092603e+01
 1.091473e+01
 1.090346e+01
 1.089223e+01
 1.088103e+01
 1.086986e+01
 1.085873e+01
 1.084763e+01
 1.083657e+01
 1.082554e+01
 1.081454e+01
 1.080358e+01
 1.079265e+01
 1.078175e+01
 1.077089e+01
 1.076006e+01
 1.074926e+01
 1.073850e+01
 1.072776e+01
 1.071706e+01
 1.517893e+02
 1.282854e+02
 1.131371e+02
 1.023363e+02
 9.413574e+01
 8.763561e+01
 8.231932e+01
 7.786628e+01
 7.406561e+01
 7.077214e+01
 6.788225e+01
 6.531973e+01
 6.302709e+01
 6.096006e+01
 5.908392e+01
 5.737097e+01
 5.579887e+01
 5.434930e+01
 5.300713e+01
 5.175973e+01
 5.059644e+01
 4.950822e+01
 4.848732e+01
 4.752708e+01
 4.662172e+01
 4.576620e+01
 4.495612e+01
 4.418758e+01
 4.345716e+01
 4.276180e+01
 4.209878e+01
 4.146568e+01
 4.086031e+01
 4.028071e+01
 3.972508e+01
 3.919184e+01
 3.867950e+01
 3.818675e+01
 3.771236e+01
 3.725523e+01
 3.681432e+01
 3.638871e+01
 3.597752e+01
 3.557997e+01
 3.519531e+01
 3.482286e+01
 3.446199e+01
 3.411211e+01
 3.377268e+01
 3.344318e+01
 3.312315e+01
 3.281212e+01
 3.250970e+01
 3.221549e+01
 3.192913e+01
 3.165026e+01
 3.137858e+01
 3.111378e+01
 3.085557e+01
 3.060368e+01
 3.035787e+01
 3.011788e+01
 2.988349e+01
 2.965450e+01
 2.943069e+01
 2.921187e+01
 2.899786e+01
 2.878849e+01
 2.858358e+01
 2.838300e+01
 2.818657e+01
 2.799417e+01
 2.780565e+01
 2.762090e+01
 2.743977e+01
 2.726217e+01
 2.708797e+01
 2.691706e+01
 2.674935e+01
 2.658474e+01
 2.642313e+01
 2.626443e+01
 2.610856e+01
 2.595543e+01
 2.580496e+01
 2.565708e+01
 2.551171e+01
 2.536879e+01
 2.522824e+01
 2.509000e+01
 2.495401e+01
 2.482021e+01
 2.468854e+01
 2.455894e+01
 2.443136e+01
 2.430574e+01
 2.418205e+01
 2.406023e+01
 2.394022e+01
 2.382200e+01
 2.370551e+01
 2.359071e+01
 2.347757e+01
 2.336603e+01
 2.325608e+01
 2.314766e+01
 2.304074e+01
 2.293529e+01
 2.283127e+01
 2.272866e+01
 2.262742e+01
 2.252752e+01
 2.242893e+01
 2.233162e+01
 2.223557e+01
 2.214075e+01
 2.204713e+01
 2.195469e+01
 2.186340e+01
 2.177324e+01
 2.168419e+01
 2.159622e+01
 2.150931e+01
 2.142345e+01
 2.133860e+01
 2.125476e+01
 2.117189e+01
 2.108999e+01
 2.100903e+01
 2.092899e+01
 2.084987e+01
 2.077163e+01
 2.069427e+01
 2.061777e+01
 2.054210e+01
 2.046727e+01
 2.039325e+01
 2.032002e+01
 2.024758e+01
 2.017590e+01
 2.010499e+01
 2.003481e+01
 1.996537e+01
 1.989664e+01
 1.982862e+01
 1.976129e+01
 1.969464e+01
 1.962866e+01
 1.956334e+01
 1.949867e+01
 1.943463e+01
 1.937122e+01
 1.930843e+01
 1.924625e+01
 1.918466e+01
 1.912366e+01
 1.906324e+01
 1.900338e+01
 1.894409e+01
 1.888535e+01
 1.882715e+01
 1.876949e+01
 1.871235e+01
 1.865573e+01
 1.859962e+01
 1.854402e+01
 1.848891e+01
 1.843429e+01
 1.838015e+01
 1.832649e+01
 1.827329e+01
 1.822055e+01
 1.816827e+01
 1.811643e+01
 1.806504e+01
 1.801408e+01
 1.796355e+01
 1.791344e+01
 1.786375e+01
 1.781447e+01
 1.776560e+01
 1.771712e+01
 1.766904e+01
 1.762135e+01
 1.757405e+01
 1.752712e+01
 1.748057e+01
 1.743439e+01
 1.738857e+01
 1.734310e+01
 1.729800e+01
 1.725324e+01
 1.720883e+01
 1.716476e+01
 1.712103e+01
 1.707763e+01
 1.703456e+01
 1.699182e+01
 1.694939e+01
 1.690728e+01
 1.686548e+01
 1.682399e+01
 1.678281e+01
 1.674192e+01
 1.670134e+01
 1.666104e+01
 1.662104e+01
 1.658132e+01
 1.654189e+01
 1.650274e+01
 1.646386e+01
 1.642526e+01
 1.638693e+01
 1.634886e+01
 1.631106e+01
 1.627352e+01
 1.623624e+01
 1.619922e+01
 1.616244e+01
 1.612592e+01
 1.608964e+01
 1.605360e+01
 1.601781e+01
 1.598225e+01
 1.594693e+01
 1.591185e+01
 1.587699e+01
 1.584236e+01
 1.580796e+01
 1.577378e+01
 1.573982e+01
 1.570608e+01
 1.567256e+01
 1.563925e+01
 1.560615e+01
 1.557326e+01
 1.554057e+01
 1.550810e+01
 1.547582e+01
 1.544375e+01
 1.541187e+01
 1.538019e+01
 1.534871e+01
 1.531742e+01
 1.528631e+01
 1.525540e+01
 1.522468e+01
 1.519413e+01
 1.516378e+01
 1.513360e+01
 1.510360e+01
 1.507378e+01
 1.504414e+01
 1.501467e+01
 1.498537e+01
 1.495625e+01
 1.492729e+01
 1.489850e+01
 1.486988e+01
 1.484142e+01
 1.481312e+01
 1.478499e+01
 1.475701e+01
 1.472919e+01
 1.470153e+01
 1.467403e+01
 1.464668e+01
 1.461948e+01
 1.459243e+01
 1.456553e+01
 1.453878e+01
 1.451218e+01
 1.448572e+01
 1.445941e+01
 1.443323e+01
 1.440721e+01
 1.438132e+01
 1.435557e+01
 1.432995e+01
 1.430448e+01
 1.427914e+01
 1.425393e+01
 1.422886e+01
 1.420392e+01
 1.417911e+01
 1.415443e+01
 1.412988e+01
 1.410545e+01
 1.408115e+01
 1.405698e+01
 1.403293e+01
 1.400900e+01
 1.398520e+01
 1.396151e+01
 1.393795e+01
 1.391450e+01
 1.389118e+01
 1.386797e+01
 1.384487e+01
 1.382189e+01
 1.379903e+01
 1.377628e+01
 1.375364e+01
 1.373111e+01
 1.370869e+01
 1.368638e+01
 1.366418e+01
 1.364209e+01
 1.362010e+01
 1.359822e+01
 1.357645e+01
 1.355478e+01
 1.353321e+01
 1.351175e+01
 1.349039e+01
 1.346912e+01
 1.344796e+01
 1.342690e+01
 1.340594e+01
 1.338507e+01
 1.336431e+01
 1.334363e+01
 1.332306e+01
 1.330258e+01
 1.328219e+01
 1.326190e+01
 1.324169e+01
 1.322159e+01
 1.320157e+01
 1.318164e+01
 1.316180e+01
 1.314206e+01
 1.312240e+01
 1.310283e+01
 1.308334e+01
 1.306395e+01
 1.304463e+01
 1.302541e+01
 1.300627e+01
 1.298721e+01
 1.296824e+01
 1.294935e+01
 1.293054e+01
 1.291181e+01
 1.289317e+01
 1.287460e+01
 1.285612e+01
 1.283771e+01
 1.281939e+01
 1.280114e+01
 1.278297e+01
 1.276487e+01
 1.274686e+01
 1.272892e+01
 1.271105e+01
 1.269326e+01
 1.267555e+01
 1.265790e+01
 1.264034e+01
 1.262284e+01
 1.260542e+01
 1.258807e+01
 1.257079e+01
 1.255358e+01
 1.253644e+01
 1.251937e+01
 1.250237e+01
 1.248544e+01
 1.246858e+01
 1.245179e+01
 1.243507e+01
 1.241841e+01
 1.240182e+01
 1.238529e+01
 1.236883e+01
 1.235244e+01
 1.233611e+01
 1.231985e+01
 1.230365e+01
 1.228751e+01
 1.227144e+01
 1.225543e+01
 1.223948e+01
 1.222360e+01
 1.220777e+01
 1.219201e+01
 1.217631e+01
 1.216067e+01
 1.214509e+01
 1.212957e+01
 1.211411e+01
 1.209870e+01
 1.208336e+01
 1.206807e+01
 1.205285e+01
 1.203768e+01
 1.202256e+01
 1.200751e+01
 1.199251e+01
 1.197756e+01
 1.196267e+01
 1.194784e+01
 1.193306e+01
 1.191834e+01
 1.190367e+01
 1.188906e+01
 1.187450e+01
 1.185999e+01
 1.184553e+01
 1.183113e+01
 1.181678e+01
 1.180249e+01
 1.178824e+01
 1.177405e+01
 1.175990e+01
 1.174581e+01
 1.173177e+01
 1.171778e+01
 1.170384e+01
 1.168994e+01
 1.167610e+01
 1.166231e+01
 1.164856e+01
 1.163487e+01
 1.162122e+01
 1.160762e+01
 1.159407e+01
 1.158056e+01
 1.156710e+01
 1.155369e+01
 1.154033e+01
 1.152701e+01
 1.151374e+01
 1.150051e+01
 1.148733e+01
 1.147419e+01
 1.146110e+01
 1.144806e+01
 1.143506e+01
 1.142210e+01
 1.140918e+01
 1.139631e+01
 1.138349e+01
 1.137070e+01
 1.135796e+01
 1.134527e+01
 1.133261e+01
 1.132000e+01
 1.130743e+01
 1.129490e+01
 1.128241e+01
 1.126997e+01
 1.125756e+01
 1.124520e+01
 1.123287e+01
 1.122059e+01
 1.120835e+01
 1.119614e+01
 1.118398e+01
 1.117186e+01
 1.115977e+01
 1.114773e+01
 1.113572e+01
 1.112375e+01
 1.111183e+01
 1.109993e+01
 1.108808e+01
 1.107627e+01
 1.106449e+01
 1.105275e+01
 1.104105e+01
 1.102938e+01
 1.101776e+01
 1.100616e+01
 1.099461e+01
 1.098309e+01
 1.097161e+01
 1.096016e+01
 1.094875e+01
 1.093737e+01
 1.092603e+01
 1.091473e+01
 1.090346e+01
 1.089223e+01
 1.088103e+01
 1.086986e+01
 1.085873e+01
 1.084763e+01
 1.083657e+01
 1.082554e+01
 1.081454e+01
 1.080358e+01
 1.079265e+01
 1.078175e+01
 1.077089e+01
 1.076006e+01
 1.074926e+01
 1.073850e+01
 1.072776e+01
 1.071706e+01
 1.517893e+02
 1.282854e+02
 1.131371e+02
 1.023363e+02
 9.413574e+01
 8.763561e+01
 8.231932e+01
 7.786628e+01
 7.406561e+01
 7.077214e+01
 6.788225e+01
 6.531973e+01
 6.302709e+01
 6.096006e+01
 5.908392e+01
 5.737097e+01
 5.579887e+01
 5.434930e+01
 5.300713e+01
 5.175973e+01
 5.059644e+01
 4.950822e+01
 4.848732e+01
 4.752708e+01
 4.662172e+01
 4.576620e+01
 4.495612e+01
 4.418758e+01
 4.345716e+01
 4.276180e+01
 4.209878e+01
 4.146568e+01
 4.086031e+01
 4.028071e+01
 3.972508e+01
 3.919184e+01
 3.867950e+01
 3.818675e+01
 3.771236e+01
 3.725523e+01
 3.681432e+01
 3.638871e+01
 3.597752e+01
 3.557997e+01
 3.519531e+01
 3.482286e+01
 3.446199e+01
 3.411211e+01
 3.377268e+01
 3.344318e+01
 3.312315e+01
 3.281212e+01
 3.250970e+01
 3.221549e+01
 3.192913e+01
 3.165026e+01
 3.137858e+01
 3.111378e+01
 3.085557e+01
 3.060368e+01
 3.035787e+01
 3.011788e+01
 2.988349e+01
 2.965450e+01
 2.943069e+01
 2.921187e+01
 2.899786e+01
 2.878849e+01
 2.858358e+01
 2.838300e+01
 2.818657e+01
 2.799417e+01
 2.780565e+01
 2.762090e+01
 2.743977e+01
 2.726217e+01
 2.708797e+01
 2.691706e+01
 2.674935e+01
 2.658474e+01
 2.642313e+01
 2.626443e+01
 2.610856e+01
 2.595543e+01
 2.580496e+01
 2.565708e+01
 2.551171e+01
 2.536879e+01
 2.522824e+01
 2.509000e+01
 2.495401e+01
 2.482021e+01
 2.468854e+01
 2.455894e+01
 2.443136e+01
 2.430574e+01
 2.418205e+01
 2.406023e+01
 2.394022e+01
 2.382200e+01
 2.370551e+01
 2.359071e+01
 2.347757e+01
 2.336603e+01
 2.325608e+01
 2.314766e+01
 2.304074e+01
 2.293529e+01
 2.283127e+01
 2.272866e+01
 2.262742e+01
 2.252752e+01
 2.242893e+01
 2.233162e+01
 2.223557e+01
 2.214075e+01
 2.204713e+01
 2.195469e+01
 2.186340e+01
 2.177324e+01
 2.168419e+01
 2.159622e+01
 2.150931e+01
 2.142345e+01
 2.133860e+01
 2.125476e+01
 2.117189e+01
 2.108999e+01
 2.100903e+01
 2.092899e+01
 2.084987e+01
 2.077163e+01
 2.069427e+01
 2.061777e+01
 2.054210e+01
 2.046727e+01
 2.039325e+01
 2.032002e+01
 2.024758e+01
 2.017590e+01
 2.010499e+01
 2.003481e+01
 1.996537e+01
 1.989664e+01
 1.982862e+01
 1.976129e+01
 1.969464e+01
 1.962866e+01
 1.956334e+01
 1.949867e+01
 1.943463e+01
 1.937122e+01
 1.930843e+01
 1.924625e+01
 1.918466e+01
 1.912366e+01
 1.906324e+01
 1.900338e+01
 1.894409e+01
 1.888535e+01
 1.882715e+01
 1.876949e+01
 1.871235e+01
 1.865573e+01
 1.859962e+01
 1.854402e+01
 1.848891e+01
 1.843429e+01
 1.838015e+01
 1.832649e+01
 1.827329e+01
 1.822055e+01
 1.816827e+01
 1.811643e+01
 1.806504e+01
 1.801408e+01
 1.796355e+01
 1.791344e+01
 1.786375e+01
 1.781447e+01
 1.776560e+01
 1.771712e+01
 1.766904e+01
 1.762135e+01
 1.757405e+01
 1.752712e+01
 1.748057e+01
 1.743439e+01
 1.738857e+01
 1.734310e+01
 1.729800e+01
 1.725324e+01
 1.720883e+01
 1.716476e+01
 1.712103e+01
 1.707763e+01
 1.703456e+01
 1.699182e+01
 1.694939e+01
 1.690728e+01
 1.686548e+01
 1.682399e+01
 1.678281e+01
 1.674192e+01
 1.670134e+01
 1.666104e+01
 1.662104e+01
 1.658132e+01
 1.654189e+01
 1.650274e+01
 1.646386e+01
 1.642526e+01
 1.638693e+01
 1.634886e+01
 1.631106e+01
 1.627352e+01
 1.623624e+01
 1.619922e+01
 1.616244e+01
 1.612592e+01
 1.608964e+01
 1.605360e+01
 1.601781e+01
 1.598225e+01
 1.594693e+01
 1.591185e+01
 1.587699e+01
 1.584236e+01
 1.580796e+01
 1.577378e+01
 1.573982e+01
 1.570608e+01
 1.567256e+01
 1.563925e+01
 1.560615e+01
 1.557326e+01
 1.554057e+01
 1.550810e+01
 1.547582e+01
 1.544375e+01
 1.541187e+01
 1.538019e+01
 1.534871e+01
 1.531742e+01
 1.528631e+01
 1.525540e+01
 1.522468e+01
 1.519413e+01
 1.516378e+01
 1.513360e+01
 1.510360e+01
 1.507378e+01
 1.504414e+01
 1.501467e+01
 1.498537e+01
 1.495625e+01
 1.492729e+01
 1.489850e+01
 1.486988e+01
 1.484142e+01
 1.481312e+01
 1.478499e+01
 1.475701e+01
 1.472919e+01
 1.470153e+01
 1.467403e+01
 1.464668e+01
 1.461948e+01
 1.459243e+01
 1.456553e+01
 1.453878e+01
 1.451218e+01
 1.448572e+01
 1.445941e+01
 1.443323e+01
 1.440721e+01
 1.438132e+01
 1.435557e+01
 1.432995e+01
 1.430448e+01
 1.427914e+01
 1.425393e+01
 1.422886e+01
 1.420392e+01
 1.417911e+01
 1.415443e+01
 1.412988e+01
 1.410545e+01
 1.408115e+01
 1.405698e+01
 1.403293e+01
 1.400900e+01
 1.398520e+01
 1.396151e+01
 1.393795e+01
 1.391450e+01
 1.389118e+01
 1.386797e+01
 1.384487e+01
 1.382189e+01
 1.379903e+01
 1.377628e+01
 1.375364e+01
 1.373111e+01
 1.370869e+01
 1.368638e+01
 1.366418e+01
 1.364209e+01
 1.362010e+01
 1.359822e+01
 1.357645e+01
 1.355478e+01
 1.353321e+01
 1.351175e+01
 1.349039e+01
 1.346912e+01
 1.344796e+01
 1.342690e+01
 1.340594e+01
 1.338507e+01
 1.336431e+01
 1.334363e+01
 1.332306e+01
 1.330258e+01
 1.328219e+01
 1.326190e+01
 1.324169e+01
 1.322159e+01
 1.320157e+01
 1.318164e+01
 1.316180e+01
 1.314206e+01
 1.312240e+01
 1.310283e+01
 1.308334e+01
 1.306395e+01
 1.304463e+01
 1.302541e+01
 1.300627e+01
 1.298721e+01
 1.296824e+01
 1.294935e+01
 1.293054e+01
 1.291181e+01
 1.289317e+01
 1.287460e+01
 1.285612e+01
 1.283771e+01
 1.281939e+01
 1.280114e+01
 1.278297e+01
 1.276487e+01
 1.274686e+01
 1.272892e+01
 1.271105e+01
 1.269326e+01
 1.267555e+01
 1.265790e+01
 1.264034e+01
 1.262284e+01
 1.260542e+01
 1.258807e+01
 1.257079e+01
 1.255358e+01
 1.253644e+01
 1.251937e+01
 1.250237e+01
 1.248544e+01
 1.246858e+01
 1.245179e+01
 1.243507e+01
 1.241841e+01
 1.240182e+01
 1.238529e+01
 1.236883e+01
 1.235244e+01
 1.233611e+01
 1.231985e+01
 1.230365e+01
 1.228751e+01
 1.227144e+01
 1.225543e+01
 1.223948e+01
 1.222360e+01
 1.220777e+01
 1.219201e+01
 1.217631e+01
 1.216067e+01
 1.214509e+01
 1.212957e+01
 1.211411e+01
 1.209870e+01
 1.208336e+01
 1.206807e+01
 1.205285e+01
 1.203768e+01
 1.202256e+01
 1.200751e+01
 1.199251e+01
 1.197756e+01
 1.196267e+01
 1.194784e+01
 1.193306e+01
 1.191834e+01
 1.190367e+01
 1.188906e+01
 1.187450e+01
 1.185999e+01
 1.184553e+01
 1.183113e+01
 1.181678e+01
 1.180249e+01
 1.178824e+01
 1.177405e+01
 1.175990e+01
 1.174581e+01
 1.173177e+01
 1.171778e+01
 1.170384e+01
 1.168994e+01
 1.167610e+01
 1.166231e+01
 1.164856e+01
 1.163487e+01
 1.162122e+01
 1.160762e+01
 1.159407e+01
 1.158056e+01
 1.156710e+01
 1.155369e+01
 1.154033e+01
 1.152701e+01
 1.151374e+01
 1.150051e+01
 1.148733e+01
 1.147419e+01
 1.146110e+01
 1.144806e+01
 1.143506e+01
 1.142210e+01
 1.140918e+01
 1.139631e+01
 1.138349e+01
 1.137070e+01
 1.135796e+01
 1.134527e+01
 1.133261e+01
 1.132000e+01
 1.130743e+01
 1.129490e+01
 1.128241e+01
 1.126997e+01
 1.125756e+01
 1.124520e+01
 1.123287e+01
 1.122059e+01
 1.120835e+01
 1.119614e+01
 1.118398e+01
 1.117186e+01
 1.115977e+01
 1.114773e+01
 1.113572e+01
 1.112375e+01
 1.111183e+01
 1.109993e+01
 1.108808e+01
 1.107627e+01
 1.106449e+01
 1.105275e+01
 1.104105e+01
 1.102938e+01
 1.101776e+01
 1.100616e+01
 1.099461e+01
 1.098309e+01
 1.097161e+01
 1.096016e+01
 1.094875e+01
 1.093737e+01
 1.092603e+01
 1.091473e+01
 1.090346e+01
 1.089223e+01
 1.088103e+01
 1.086986e+01
 1.085873e+01
 1.084763e+01
 1.083657e+01
 1.082554e+01
 1.081454e+01
 1.080358e+01
 1.079265e+01
 1.078175e+01
 1.077089e+01
 1.076006e+01
 1.074926e+01
 1.073850e+01
 1.072776e+01
 1.071706e+01
 1.517893e+02
 1.282854e+02
 1.131371e+02
 1.023363e+02
 9.413574e+01
 8.763561e+01
 8.231932e+01
 7.786628e+01
 7.406561e+01
 7.077214e+01
 6.788225e+01
 6.531973e+01
 6.302709e+01
 6.096006e+01
 5.908392e+01
 5.737097e+01
 5.579887e+01
 5.434930e+01
 5.300713e+01
 5.175973e+01
 5.059644e+01
 4.950822e+01
 4.848732e+01
 4.752708e+01
 4.662172e+01
 4.576620e+01
 4.495612e+01
 4.418758e+01
 4.345716e+01
 4.276180e+01
 4.209878e+01
 4.146568e+01
 4.086031e+01
 4.028071e+01
 3.972508e+01
 3.919184e+01
 3.867950e+01
 3.818675e+01
 3.771236e+01
 3.725523e+01
 3.681432e+01
 3.638871e+01
 3.597752e+01
 3.557997e+01
 3.519531e+01
 3.482286e+01
 3.446199e+01
 3.411211e+01
 3.377268e+01
 3.344318e+01
 3.312315e+01
 3.281212e+01
 3.250970e+01
 3.221549e+01
 3.192913e+01
 3.165026e+01
 3.137858e+01
 3.111378e+01
 3.085557e+01
 3.060368e+01
 3.035787e+01
 3.011788e+01
 2.988349e+01
 2.965450e+01
 2.943069e+01
 2.921187e+01
 2.899786e+01
 2.878849e+01
 2.858358e+01
 2.838300e+01
 2.818657e+01
 2.799417e+01
 2.780565e+01
 2.762090e+01
 2.743977e+01
 2.726217e+01
 2.708797e+01
 2.691706e+01
 2.674935e+01
 2.658474e+01
 2.642313e+01
 2.626443e+01
 2.610856e+01
 2.595543e+01
 2.580496e+01
 2.565708e+01
 2.551171e+01
 2.536879e+01
 2.522824e+01
 2.509000e+01
 2.495401e+01
 2.482021e+01
 2.468854e+01
 2.455894e+01
 2.443136e+01
 2.430574e+01
 2.418205e+01
 2.406023e+01
 2.394022e+01
 2.382200e+01
 2.370551e+01
 2.359071e+01
 2.347757e+01
 2.336603e+01
 2.325608e+01
 2.314766e+01
 2.304074e+01
 2.293529e+01
 2.283127e+01
 2.272866e+01
 2.262742e+01
 2.252752e+01
 2.242893e+01
 2.233162e+01
 2.223557e+01
 2.214075e+01
 2.204713e+01
 2.195469e+01
 2.186340e+01
 2.177324e+01
 2.168419e+01
 2.159622e+01
 2.150931e+01
 2.142345e+01
 2.133860e+01
 2.125476e+01
 2.117189e+01
 2.108999e+01
 2.100903e+01
 2.092899e+01
 2.084987e+01
 2.077163e+01
 2.069427e+01
 2.061777e+01
 2.054210e+01
 2.046727e+01
 2.039325e+01
 2.032002e+01
 2.024758e+01
 2.017590e+01
 2.010499e+01
 2.003481e+01
 1.996537e+01
 1.989664e+01
 1.982862e+01
 1.976129e+01
 1.969464e+01
 1.962866e+01
 1.956334e+01
 1.949867e+01
 1.943463e+01
 1.937122e+01
 1.930843e+01
 1.924625e+01
 1.918466e+01
 1.912366e+01
 1.906324e+01
 1.900338e+01
 1.894409e+01
 1.888535e+01
 1.882715e+01
 1.876949e+01
 1.871235e+01
 1.865573e+01
 1.859962e+01
 1.854402e+01
 1.848891e+01
 1.843429e+01
 1.838015e+01
 1.832649e+01
 1.827329e+01
 1.822055e+01
 1.816827e+01
 1.811643e+01
 1.806504e+01
 1.801408e+01
 1.796355e+01
 1.791344e+01
 1.786375e+01
 1.781447e+01
 1.776560e+01
 1.771712e+01
 1.766904e+01
 1.762135e+01
 1.757405e+01
 1.752712e+01
 1.748057e+01
 1.743439e+01
 1.738857e+01
 1.734310e+01
 1.729800e+01
 1.725324e+01
 1.720883e+01
 1.716476e+01
 1.712103e+01
 1.707763e+01
 1.703456e+01
 1.699182e+01
 1.694939e+01
 1.690728e+01
 1.686548e+01
 1.682399e+01
 1.678281e+01
 1.674192e+01
 1.670134e+01
 1.666104e+01
 1.662104e+01
 1.658132e+01
 1.654189e+01
 1.650274e+01
 1.646386e+01
 1.642526e+01
 1.638693e+01
 1.634886e+01
 1.631106e+01
 1.627352e+01
 1.623624e+01
 1.619922e+01
 1.616244e+01
 1.612592e+01
 1.608964e+01
 1.605360e+01
 1.601781e+01
 1.598225e+01
 1.594693e+01
 1.591185e+01
 1.587699e+01
 1.584236e+01
 1.580796e+01
 1.577378e+01
 1.573982e+01
 1.570608e+01
 1.567256e+01
 1.563925e+01
 1.560615e+01
 1.557326e+01
 1.554057e+01
 1.550810e+01
 1.547582e+01
 1.544375e+01
 1.541187e+01
 1.538019e+01
 1.534871e+01
 1.531742e+01
 1.528631e+01
 1.525540e+01
 1.522468e+01
 1.519413e+01
 1.516378e+01
 1.513360e+01
 1.510360e+01
 1.507378e+01
 1.504414e+01
 1.501467e+01
 1.498537e+01
 1.495625e+01
 1.492729e+01
 1.489850e+01
 1.486988e+01
 1.484142e+01
 1.481312e+01
 1.478499e+01
 1.475701e+01
 1.472919e+01
 1.470153e+01
 1.467403e+01
 1.464668e+01
 1.461948e+01
 1.459243e+01
 1.456553e+01
 1.453878e+01
 1.451218e+01
 1.448572e+01
 1.445941e+01
 1.443323e+01
 1.440721e+01
 1.438132e+01
 1.435557e+01
 1.432995e+01
 1.430448e+01
 1.427914e+01
 1.425393e+01
 1.422886e+01
 1.420392e+01
 1.417911e+01
 1.415443e+01
 1.412988e+01
 1.410545e+01
 1.408115e+01
 1.405698e+01
 1.403293e+01
 1.400900e+01
 1.398520e+01
 1.396151e+01
 1.393795e+01
 1.391450e+01
 1.389118e+01
 1.386797e+01
 1.384487e+01
 1.382189e+01
 1.379903e+01
 1.377628e+01
 1.375364e+01
 1.373111e+01
 1.370869e+01
 1.368638e+01
 1.366418e+01
 1.364209e+01
 1.362010e+01
 1.359822e+01
 1.357645e+01
 1.355478e+01
 1.353321e+01
 1.351175e+01
 1.349039e+01
 1.346912e+01
 1.344796e+01
 1.342690e+01
 1.340594e+01
 1.338507e+01
 1.336431e+01
 1.334363e+01
 1.332306e+01
 1.330258e+01
 1.328219e+01
 1.326190e+01
 1.324169e+01
 1.322159e+01
 1.320157e+01
 1.318164e+01
 1.316180e+01
 1.314206e+01
 1.312240e+01
 1.310283e+01
 1.308334e+01
 1.306395e+01
 1.304463e+01
 1.302541e+01
 1.300627e+01
 1.298721e+01
 1.296824e+01
 1.294935e+01
 1.293054e+01
 1.291181e+01
 1.289317e+01
 1.287460e+01
 1.285612e+01
 1.283771e+01
 1.281939e+01
 1.280114e+01
 1.278297e+01
 1.276487e+01
 1.274686e+01
 1.272892e+01
 1.271105e+01
 1.269326e+01
 1.267555e+01
 1.265790e+01
 1.264034e+01
 1.262284e+01
 1.260542e+01
 1.258807e+01
 1.257079e+01
 1.255358e+01
 1.253644e+01
 1.251937e+01
 1.250237e+01
 1.248544e+01
 1.246858e+01
 1.245179e+01
 1.243507e+01
 1.241841e+01
 1.240182e+01
 1.238529e+01
 1.236883e+01
 1.235244e+01
 1.233611e+01
 1.231985e+01
 1.230365e+01
 1.228751e+01
 1.227144e+01
 1.225543e+01
 1.223948e+01
 1.222360e+01
 1.220777e+01
 1.219201e+01
 1.217631e+01
 1.216067e+01
 1.214509e+01
 1.212957e+01
 1.211411e+01
 1.209870e+01
 1.208336e+01
 1.206807e+01
 1.205285e+01
 1.203768e+01
 1.202256e+01
 1.200751e+01
 1.199251e+01
 1.197756e+01
 1.196267e+01
 1.194784e+01
 1.193306e+01
 1.191834e+01
 1.190367e+01
 1.188906e+01
 1.187450e+01
 1.185999e+01
 1.184553e+01
 1.183113e+01
 1.181678e+01
 1.180249e+01
 1.178824e+01
 1.177405e+01
 1.175990e+01
 1.174581e+01
 1.173177e+01
 1.171778e+01
 1.170384e+01
 1.168994e+01
 1.167610e+01
 1.166231e+01
 1.164856e+01
 1.163487e+01
 1.162122e+01
 1.160762e+01
 1.159407e+01
 1.158056e+01
 1.156710e+01
 1.155369e+01
 1.154033e+01
 1.152701e+01
 1.151374e+01
 1.150051e+01
 1.148733e+01
 1.147419e+01
 1.146110e+01
 1.144806e+01
 1.143506e+01
 1.142210e+01
 1.140918e+01
 1.139631e+01
 1.138349e+01
 1.137070e+01
 1.135796e+01
 1.134527e+01
 1.133261e+01
 1.132000e+01
 1.130743e+01
 1.129490e+01
 1.128241e+01
 1.126997e+01
 1.125756e+01
 1.124520e+01
 1.123287e+01
 1.122059e+01
 1.120835e+01
 1.119614e+01
 1.118398e+01
 1.117186e+01
 1.115977e+01
 1.114773e+01
 1.113572e+01
 1.112375e+01
 1.111183e+01
 1.109993e+01
 1.108808e+01
 1.107627e+01
 1.106449e+01
 1.105275e+01
 1.104105e+01
 1.102938e+01
 1.101776e+01
 1.100616e+01
 1.099461e+01
 1.098309e+01
 1.097161e+01
 1.096016e+01
 1.094875e+01
 1.093737e+01
 1.092603e+01
 1.091473e+01
 1.090346e+01
 1.089223e+01
 1.088103e+01
 1.086986e+01
 1.085873e+01
 1.084763e+01
 1.083657e+01
 1.082554e+01
 1.081454e+01
 1.080358e+01
 1.079265e+01
 1.078175e+01
 1.077089e+01
 1.076006e+01
 1.074926e+01
 1.073850e+01
 1.072776e+01
 1.071706e+01
 1.517893e+02
 1.282854e+02
 1.131371e+02
 1.023363e+02
 9.413574e+01
 8.763561e+01
 8.231932e+01
 7.786628e+01
 7.406561e+01
 7.077214e+01
 6.788225e+01
 6.531973e+01
 6.302709e+01
 6.096006e+01
 5.908392e+01
 5.737097e+01
 5.579887e+01
 5.434930e+01
 5.300713e+01
 5.175973e+01
 5.059644e+01
 4.950822e+01
 4.848732e+01
 4.752708e+01
 4.662172e+01
 4.576620e+01
 4.495612e+01
 4.418758e+01
 4.345716e+01
 4.276180e+01
 4.209878e+01
 4.146568e+01
 4.086031e+01
 4.028071e+01
 3.972508e+01
 3.919184e+01
 3.867950e+01
 3.818675e+01
 3.771236e+01
 3.725523e+01
 3.681432e+01
 3.638871e+01
 3.597752e+01
 3.557997e+01
 3.519531e+01
 3.482286e+01
 3.446199e+01
 3.411211e+01
 3.377268e+01
 3.344318e+01
 3.312315e+01
 3.281212e+01
 3.250970e+01
 3.221549e+01
 3.192913e+01
 3.165026e+01
 3.137858e+01
 3.111378e+01
 3.085557e+01
 3.060368e+01
 3.035787e+01
 3.011788e+01
 2.988349e+01
 2.965450e+01
 2.943069e+01
 2.921187e+01
 2.899786e+01
 2.878849e+01
 2.858358e+01
 2.838300e+01
 2.818657e+01
 2.799417e+01
 2.780565e+01
 2.762090e+01
 2.743977e+01
 2.726217e+01
 2.708797e+01
 2.691706e+01
 2.674935e+01
 2.658474e+01
 2.642313e+01
 2.626443e+01
 2.610856e+01
 2.595543e+01
 2.580496e+01
 2.565708e+01
 2.551171e+01
 2.536879e+01
 2.522824e+01
 2.509000e+01
 2.495401e+01
 2.482021e+01
 2.468854e+01
 2.455894e+01
 2.443136e+01
 2.430574e+01
 2.418205e+01
 2.406023e+01
 2.394022e+01
 2.382200e+01
 2.370551e+01
 2.359071e+01
 2.347757e+01
 2.336603e+01
 2.325608e+01
 2.314766e+01
 2.304074e+01
 2.293529e+01
 2.283127e+01
 2.272866e+01
 2.262742e+01
 2.252752e+01
 2.242893e+01
 2.233162e+01
 2.223557e+01
 2.214075e+01
 2.204713e+01
 2.195469e+01
 2.186340e+01
 2.177324e+01
 2.168419e+01
 2.159622e+01
 2.150931e+01
 2.142345e+01
 2.133860e+01
 2.125476e+01
 2.117189e+01
 2.108999e+01
 2.100903e+01
 2.092899e+01
 2.084987e+01
 2.077163e+01
 2.069427e+01
 2.061777e+01
 2.054210e+01
 2.046727e+01
 2.039325e+01
 2.032002e+01
 2.024758e+01
 2.017590e+01
 2.010499e+01
 2.003481e+01
 1.996537e+01
 1.989664e+01
 1.982862e+01
 1.976129e+01
 1.969464e+01
 1.962866e+01
 1.956334e+01
 1.949867e+01
 1.943463e+01
 1.937122e+01
 1.930843e+01
 1.924625e+01
 1.918466e+01
 1.912366e+01
 1.906324e+01
 1.900338e+01
 1.894409e+01
 1.888535e+01
 1.882715e+01
 1.876949e+01
 1.871235e+01
 1.865573e+01
 1.859962e+01
 1.854402e+01
 1.848891e+01
 1.843429e+01
 1.838015e+01
 1.832649e+01
 1.827329e+01
 1.822055e+01
 1.816827e+01
 1.811643e+01
 1.806504e+01
 1.801408e+01
 1.796355e+01
 1.791344e+01
 1.786375e+01
 1.781447e+01
 1.776560e+01
 1.771712e+01
 1.766904e+01
 1.762135e+01
 1.757405e+01
 1.752712e+01
 1.748057e+01
 1.743439e+01
 1.738857e+01
 1.734310e+01
 1.729800e+01
 1.725324e+01
 1.720883e+01
 1.716476e+01
 1.712103e+01
 1.707763e+01
 1.703456e+01
 1.699182e+01
 1.694939e+01
 1.690728e+01
 1.686548e+01
 1.682399e+01
 1.678281e+01
 1.674192e+01
 1.670134e+01
 1.666104e+01
 1.662104e+01
 1.658132e+01
 1.654189e+01
 1.650274e+01
 1.646386e+01
 1.642526e+01
 1.638693e+01
 1.634886e+01
 1.631106e+01
 1.627352e+01
 1.623624e+01
 1.619922e+01
 1.616244e+01
 1.612592e+01
 1.608964e+01
 1.605360e+01
 1.601781e+01
 1.598225e+01
 1.594693e+01
 1.591185e+01
 1.587699e+01
 1.584236e+01
 1.580796e+01
 1.577378e+01
 1.573982e+01
 1.570608e+01
 1.567256e+01
 1.563925e+01
 1.560615e+01
 1.557326e+01
 1.554057e+01
 1.550810e+01
 1.547582e+01
 1.544375e+01
 1.541187e+01
 1.538019e+01
 1.534871e+01
 1.531742e+01
 1.528631e+01
 1.525540e+01
 1.522468e+01
 1.519413e+01
 1.516378e+01
 1.513360e+01
 1.510360e+01
 1.507378e+01
 1.504414e+01
 1.501467e+01
 1.498537e+01
 1.495625e+01
 1.492729e+01
 1.489850e+01
 1.486988e+01
 1.484142e+01
 1.481312e+01
 1.478499e+01
 1.475701e+01
 1.472919e+01
 1.470153e+01
 1.467403e+01
 1.464668e+01
 1.461948e+01
 1.459243e+01
 1.456553e+01
 1.453878e+01
 1.451218e+01
 1.448572e+01
 1.445941e+01
 1.443323e+01
 1.440721e+01
 1.438132e+01
 1.435557e+01
 1.432995e+01
 1.430448e+01
 1.427914e+01
 1.425393e+01
 1.422886e+01
 1.420392e+01
 1.417911e+01
 1.415443e+01
 1.412988e+01
 1.410545e+01
 1.408115e+01
 1.405698e+01
 1.403293e+01
 1.400900e+01
 1.398520e+01
 1.396151e+01
 1.393795e+01
 1.391450e+01
 1.389118e+01
 1.386797e+01
 1.384487e+01
 1.382189e+01
 1.379903e+01
 1.377628e+01
 1.375364e+01
 1.373111e+01
 1.370869e+01
 1.368638e+01
 1.366418e+01
 1.364209e+01
 1.362010e+01
 1.359822e+01
 1.357645e+01
 1.355478e+01
 1.353321e+01
 1.351175e+01
 1.349039e+01
 1.346912e+01
 1.344796e+01
 1.342690e+01
 1.340594e+01
 1.338507e+01
 1.336431e+01
 1.334363e+01
 1.332306e+01
 1.330258e+01
 1.328219e+01
 1.326190e+01
 1.324169e+01
 1.322159e+01
 1.320157e+01
 1.318164e+01
 1.316180e+01
 1.314206e+01
 1.312240e+01
 1.310283e+01
 1.308334e+01
 1.306395e+01
 1.304463e+01
 1.302541e+01
 1.300627e+01
 1.298721e+01
 1.296824e+01
 1.294935e+01
 1.293054e+01
 1.291181e+01
 1.289317e+01
 1.287460e+01
 1.285612e+01
 1.283771e+01
 1.281939e+01
 1.280114e+01
 1.278297e+01
 1.276487e+01
 1.274686e+01
 1.272892e+01
 1.271105e+01
 1.269326e+01
 1.267555e+01
 1.265790e+01
 1.264034e+01
 1.262284e+01
 1.260542e+01
 1.258807e+01
 1.257079e+01
 1.255358e+01
 1.253644e+01
 1.251937e+01
 1.250237e+01
 1.248544e+01
 1.246858e+01
 1.245179e+01
 1.243507e+01
 1.241841e+01
 1.240182e+01
 1.238529e+01
 1.236883e+01
 1.235244e+01
 1.233611e+01
 1.231985e+01
 1.230365e+01
 1.228751e+01
 1.227144e+01
 1.225543e+01
 1.223948e+01
 1.222360e+01
 1.220777e+01
 1.219201e+01
 1.217631e+01
 1.216067e+01
 1.214509e+01
 1.212957e+01
 1.211411e+01
 1.209870e+01
 1.208336e+01
 1.206807e+01
 1.205285e+01
 1.203768e+01
 1.202256e+01
 1.200751e+01
 1.199251e+01
 1.197756e+01
 1.196267e+01
 1.194784e+01
 1.193306e+01
 1.191834e+01
 1.190367e+01
 1.188906e+01
 1.187450e+01
 1.185999e+01
 1.184553e+01
 1.183113e+01
 1.181678e+01
 1.180249e+01
 1.178824e+01
 1.177405e+01
 1.175990e+01
 1.174581e+01
 1.173177e+01
 1.171778e+01
 1.170384e+01
 1.168994e+01
 1.167610e+01
 1.166231e+01
 1.164856e+01
 1.163487e+01
 1.162122e+01
 1.160762e+01
 1.159407e+01
 1.158056e+01
 1.156710e+01
 1.155369e+01
 1.154033e+01
 1.152701e+01
 1.151374e+01
 1.150051e+01
 1.148733e+01
 1.147419e+01
 1.146110e+01
 1.144806e+01
 1.143506e+01
 1.142210e+01
 1.140918e+01
 1.139631e+01
 1.138349e+01
 1.137070e+01
 1.135796e+01
 1.134527e+01
 1.133261e+01
 1.132000e+01
 1.130743e+01
 1.129490e+01
 1.128241e+01
 1.126997e+01
 1.125756e+01
 1.124520e+01
 1.123287e+01
 1.122059e+01
 1.120835e+01
 1.119614e+01
 1.118398e+01
 1.117186e+01
 1.115977e+01
 1.114773e+01
 1.113572e+01
 1.112375e+01
 1.111183e+01
 1.109993e+01
 1.108808e+01
 1.107627e+01
 1.106449e+01
 1.105275e+01
 1.104105e+01
 1.102938e+01
 1.101776e+01
 1.100616e+01
 1.099461e+01
 1.098309e+01
 1.097161e+01
 1.096016e+01
 1.094875e+01
 1.093737e+01
 1.092603e+01
 1.091473e+01
 1.090346e+01
 1.089223e+01
 1.088103e+01
 1.086986e+01
 1.085873e+01
 1.084763e+01
 1.083657e+01
 1.082554e+01
 1.081454e+01
 1.080358e+01
 1.079265e+01
 1.078175e+01
 1.077089e+01
 1.076006e+01
 1.074926e+01
 1.073850e+01
 1.072776e+01
 1.071706e+01
 1.517893e+02
 1.282854e+02
 1.131371e+02
 1.023363e+02
 9.413574e+01
 8.763561e+01
 8.231932e+01
 7.786628e+01
 7.406561e+01
 7.077214e+01
 6.788225e+01
 6.531973e+01
 6.302709e+01
 6.096006e+01
 5.908392e+01
 5.737097e+01
 5.579887e+01
 5.434930e+01
 5.300713e+01
 5.175973e+01
 5.059644e+01
 4.950822e+01
 4.848732e+01
 4.752708e+01
 4.662172e+01
 4.576620e+01
 4.495612e+01
 4.418758e+01
 4.345716e+01
 4.276180e+01
 4.209878e+01
 4.146568e+01
 4.086031e+01
 4.028071e+01
 3.972508e+01
 3.919184e+01
 3.867950e+01
 3.818675e+01
 3.771236e+01
 3.725523e+01
 3.681432e+01
 3.638871e+01
 3.597752e+01
 3.557997e+01
 3.519531e+01
 3.482286e+01
 3.446199e+01
 3.411211e+01
 3.377268e+01
 3.344318e+01
 3.312315e+01
 3.281212e+01
 3.250970e+01
 3.221549e+01
 3.192913e+01
 3.165026e+01
 3.137858e+01
 3.111378e+01
 3.085557e+01
 3.060368e+01
 3.035787e+01
 3.011788e+01
 2.988349e+01
 2.965450e+01
 2.943069e+01
 2.921187e+01
 2.899786e+01
 2.878849e+01
 2.858358e+01
 2.838300e+01
 2.818657e+01
 2.799417e+01
 2.780565e+01
 2.762090e+01
 2.743977e+01
 2.726217e+01
 2.708797e+01
 2.691706e+01
 2.674935e+01
 2.658474e+01
 2.642313e+01
 2.626443e+01
 2.610856e+01
 2.595543e+01
 2.580496e+01
 2.565708e+01
 2.551171e+01
 2.536879e+01
 2.522824e+01
 2.509000e+01
 2.495401e+01
 2.482021e+01
 2.468854e+01
 2.455894e+01
 2.443136e+01
 2.430574e+01
 2.418205e+01
 2.406023e+01
 2.394022e+01
 2.382200e+01
 2.370551e+01
 2.359071e+01
 2.347757e+01
 2.336603e+01
 2.325608e+01
 2.314766e+01
 2.304074e+01
 2.293529e+01
 2.283127e+01
 2.272866e+01
 2.262742e+01
 2.252752e+01
 2.242893e+01
 2.233162e+01
 2.223557e+01
 2.214075e+01
 2.204713e+01
 2.195469e+01
 2.186340e+01
 2.177324e+01
 2.168419e+01
 2.159622e+01
 2.150931e+01
 2.142345e+01
 2.133860e+01
 2.125476e+01
 2.117189e+01
 2.108999e+01
 2.100903e+01
 2.092899e+01
 2.084987e+01
 2.077163e+01
 2.069427e+01
 2.061777e+01
 2.054210e+01
 2.046727e+01
 2.039325e+01
 2.032002e+01
 2.024758e+01
 2.017590e+01
 2.010499e+01
 2.003481e+01
 1.996537e+01
 1.989664e+01
 1.982862e+01
 1.976129e+01
 1.969464e+01
 1.962866e+01
 1.956334e+01
 1.949867e+01
 1.943463e+01
 1.937122e+01
 1.930843e+01
 1.924625e+01
 1.918466e+01
 1.912366e+01
 1.906324e+01
 1.900338e+01
 1.894409e+01
 1.888535e+01
 1.882715e+01
 1.876949e+01
 1.871235e+01
 1.865573e+01
 1.859962e+01
 1.854402e+01
 1.848891e+01
 1.843429e+01
 1.838015e+01
 1.832649e+01
 1.827329e+01
 1.822055e+01
 1.816827e+01
 1.811643e+01
 1.806504e+01
 1.801408e+01
 1.796355e+01
 1.791344e+01
 1.786375e+01
 1.781447e+01
 1.776560e+01
 1.771712e+01
 1.766904e+01
 1.762135e+01
 1.757405e+01
 1.752712e+01
 1.748057e+01
 1.743439e+01
 1.738857e+01
 1.734310e+01
 1.729800e+01
 1.725324e+01
 1.720883e+01
 1.716476e+01
 1.712103e+01
 1.707763e+01
 1.703456e+01
 1.699182e+01
 1.694939e+01
 1.690728e+01
 1.686548e+01
 1.682399e+01
 1.678281e+01
 1.674192e+01
 1.670134e+01
 1.666104e+01
 1.662104e+01
 1.658132e+01
 1.654189e+01
 1.650274e+01
 1.646386e+01
 1.642526e+01
 1.638693e+01
 1.634886e+01
 1.631106e+01
 1.627352e+01
 1.623624e+01
 1.619922e+01
 1.616244e+01
 1.612592e+01
 1.608964e+01
 1.605360e+01
 1.601781e+01
 1.598225e+01
 1.594693e+01
 1.591185e+01
 1.587699e+01
 1.584236e+01
 1.580796e+01
 1.577378e+01
 1.573982e+01
 1.570608e+01
 1.567256e+01
 1.563925e+01
 1.560615e+01
 1.557326e+01
 1.554057e+01
 1.550810e+01
 1.547582e+01
 1.544375e+01
 1.541187e+01
 1.538019e+01
 1.534871e+01
 1.531742e+01
 1.528631e+01
 1.525540e+01
 1.522468e+01
 1.519413e+01
 1.516378e+01
 1.513360e+01
 1.510360e+01
 1.507378e+01
 1.504414e+01
 1.501467e+01
 1.498537e+01
 1.495625e+01
 1.492729e+01
 1.489850e+01
 1.486988e+01
 1.484142e+01
 1.481312e+01
 1.478499e+01
 1.475701e+01
 1.472919e+01
 1.470153e+01
 1.467403e+01
 1.464668e+01
 1.461948e+01
 1.459243e+01
 1.456553e+01
 1.453878e+01
 1.451218e+01
 1.448572e+01
 1.445941e+01
 1.443323e+01
 1.440721e+01
 1.438132e+01
 1.435557e+01
 1.432995e+01
 1.430448e+01
 1.427914e+01
 1.425393e+01
 1.422886e+01
 1.420392e+01
 1.417911e+01
 1.415443e+01
 1.412988e+01
 1.410545e+01
 1.408115e+01
 1.405698e+01
 1.403293e+01
 1.400900e+01
 1.398520e+01
 1.396151e+01
 1.393795e+01
 1.391450e+01
 1.389118e+01
 1.386797e+01
 1.384487e+01
 1.382189e+01
 1.379903e+01
 1.377628e+01
 1.375364e+01
 1.373111e+01
 1.370869e+01
 1.368638e+01
 1.366418e+01
 1.364209e+01
 1.362010e+01
 1.359822e+01
 1.357645e+01
 1.355478e+01
 1.353321e+01
 1.351175e+01
 1.349039e+01
 1.346912e+01
 1.344796e+01
 1.342690e+01
 1.340594e+01
 1.338507e+01
 1.336431e+01
 1.334363e+01
 1.332306e+01
 1.330258e+01
 1.328219e+01
 1.326190e+01
 1.324169e+01
 1.322159e+01
 1.320157e+01
 1.318164e+01
 1.316180e+01
 1.314206e+01
 1.312240e+01
 1.310283e+01
 1.308334e+01
 1.306395e+01
 1.304463e+01
 1.302541e+01
 1.300627e+01
 1.298721e+01
 1.296824e+01
 1.294935e+01
 1.293054e+01
 1.291181e+01
 1.289317e+01
 1.287460e+01
 1.285612e+01
 1.283771e+01
 1.281939e+01
 1.280114e+01
 1.278297e+01
 1.276487e+01
 1.274686e+01
 1.272892e+01
 1.271105e+01
 1.269326e+01
 1.267555e+01
 1.265790e+01
 1.264034e+01
 1.262284e+01
 1.260542e+01
 1.258807e+01
 1.257079e+01
 1.255358e+01
 1.253644e+01
 1.251937e+01
 1.250237e+01
 1.248544e+01
 1.246858e+01
 1.245179e+01
 1.243507e+01
 1.241841e+01
 1.240182e+01
 1.238529e+01
 1.236883e+01
 1.235244e+01
 1.233611e+01
 1.231985e+01
 1.230365e+01
 1.228751e+01
 1.227144e+01
 1.225543e+01
 1.223948e+01
 1.222360e+01
 1.220777e+01
 1.219201e+01
 1.217631e+01
 1.216067e+01
 1.214509e+01
 1.212957e+01
 1.211411e+01
 1.209870e+01
 1.208336e+01
 1.206807e+01
 1.205285e+01
 1.203768e+01
 1.202256e+01
 1.200751e+01
 1.199251e+01
 1.197756e+01
 1.196267e+01
 1.194784e+01
 1.193306e+01
 1.191834e+01
 1.190367e+01
 1.188906e+01
 1.187450e+01
 1.185999e+01
 1.184553e+01
 1.183113e+01
 1.181678e+01
 1.180249e+01
 1.178824e+01
 1.177405e+01
 1.175990e+01
 1.174581e+01
 1.173177e+01
 1.171778e+01
 1.170384e+01
 1.168994e+01
 1.167610e+01
 1.166231e+01
 1.164856e+01
 1.163487e+01
 1.162122e+01
 1.160762e+01
 1.159407e+01
 1.158056e+01
 1.156710e+01
 1.155369e+01
 1.154033e+01
 1.152701e+01
 1.151374e+01
 1.150051e+01
 1.148733e+01
 1.147419e+01
 1.146110e+01
 1.144806e+01
 1.143506e+01
 1.142210e+01
 1.140918e+01
 1.139631e+01
 1.138349e+01
 1.137070e+01
 1.135796e+01
 1.134527e+01
 1.133261e+01
 1.132000e+01
 1.130743e+01
 1.129490e+01
 1.128241e+01
 1.126997e+01
 1.125756e+01
 1.124520e+01
 1.123287e+01
 1.122059e+01
 1.120835e+01
 1.119614e+01
 1.118398e+01
 1.117186e+01
 1.115977e+01
 1.114773e+01
 1.113572e+01
 1.112375e+01
 1.111183e+01
 1.109993e+01
 1.108808e+01
 1.107627e+01
 1.106449e+01
 1.105275e+01
 1.104105e+01
 1.102938e+01
 1.101776e+01
 1.100616e+01
 1.099461e+01
 1.098309e+01
 1.097161e+01
 1.096016e+01
 1.094875e+01
 1.093737e+01
 1.092603e+01
 1.091473e+01
 1.090346e+01
 1.089223e+01
 1.088103e+01
 1.086986e+01
 1.085873e+01
 1.084763e+01
 1.083657e+01
 1.082554e+01
 1.081454e+01
 1.080358e+01
 1.079265e+01
 1.078175e+01
 1.077089e+01
 1.076006e+01
 1.074926e+01
 1.073850e+01
 1.072776e+01
 1.071706e+01
 1.517893e+02
 1.282854e+02
 1.131371e+02
 1.023363e+02
 9.413574e+01
 8.763561e+01
 8.231932e+01
 7.786628e+01
 7.406561e+01
 7.077214e+01
 6.788225e+01
 6.531973e+01
 6.302709e+01
 6.096006e+01
 5.908392e+01
 5.737097e+01
 5.579887e+01
 5.434930e+01
 5.300713e+01
 5.175973e+01
 5.059644e+01
 4.950822e+01
 4.848732e+01
 4.752708e+01
 4.662172e+01
 4.576620e+01
 4.495612e+01
 4.418758e+01
 4.345716e+01
 4.276180e+01
 4.209878e+01
 4.146568e+01
 4.086031e+01
 4.028071e+01
 3.972508e+01
 3.919184e+01
 3.867950e+01
 3.818675e+01
 3.771236e+01
 3.725523e+01
 3.681432e+01
 3.638871e+01
 3.597752e+01
 3.557997e+01
 3.519531e+01
 3.482286e+01
 3.446199e+01
 3.411211e+01
 3.377268e+01
 3.344318e+01
 3.312315e+01
 3.281212e+01
 3.250970e+01
 3.221549e+01
 3.192913e+01
 3.165026e+01
 3.137858e+01
 3.111378e+01
 3.085557e+01
 3.060368e+01
 3.035787e+01
 3.011788e+01
 2.988349e+01
 2.965450e+01
 2.943069e+01
 2.921187e+01
 2.899786e+01
 2.878849e+01
 2.858358e+01
 2.838300e+01
 2.818657e+01
 2.799417e+01
 2.780565e+01
 2.762090e+01
 2.743977e+01
 2.726217e+01
 2.708797e+01
 2.691706e+01
 2.674935e+01
 2.658474e+01
 2.642313e+01
 2.626443e+01
 2.610856e+01
 2.595543e+01
 2.580496e+01
 2.565708e+01
 2.551171e+01
 2.536879e+01
 2.522824e+01
 2.509000e+01
 2.495401e+01
 2.482021e+01
 2.468854e+01
 2.455894e+01
 2.443136e+01
 2.430574e+01
 2.418205e+01
 2.406023e+01
 2.394022e+01
 2.382200e+01
 2.370551e+01
 2.359071e+01
 2.347757e+01
 2.336603e+01
 2.325608e+01
 2.314766e+01
 2.304074e+01
 2.293529e+01
 2.283127e+01
 2.272866e+01
 2.262742e+01
 2.252752e+01
 2.242893e+01
 2.233162e+01
 2.223557e+01
 2.214075e+01
 2.204713e+01
 2.195469e+01
 2.186340e+01
 2.177324e+01
 2.168419e+01
 2.159622e+01
 2.150931e+01
 2.142345e+01
 2.133860e+01
 2.125476e+01
 2.117189e+01
 2.108999e+01
 2.100903e+01
 2.092899e+01
 2.084987e+01
 2.077163e+01
 2.069427e+01
 2.061777e+01
 2.054210e+01
 2.046727e+01
 2.039325e+01
 2.032002e+01
 2.024758e+01
 2.017590e+01
 2.010499e+01
 2.003481e+01
 1.996537e+01
 1.989664e+01
 1.982862e+01
 1.976129e+01
 1.969464e+01
 1.962866e+01
 1.956334e+01
 1.949867e+01
 1.943463e+01
 1.937122e+01
 1.930843e+01
 1.924625e+01
 1.918466e+01
 1.912366e+01
 1.906324e+01
 1.900338e+01
 1.894409e+01
 1.888535e+01
 1.882715e+01
 1.876949e+01
 1.871235e+01
 1.865573e+01
 1.859962e+01
 1.854402e+01
 1.848891e+01
 1.843429e+01
 1.838015e+01
 1.832649e+01
 1.827329e+01
 1.822055e+01
 1.816827e+01
 1.811643e+01
 1.806504e+01
 1.801408e+01
 1.796355e+01
 1.791344e+01
 1.786375e+01
 1.781447e+01
 1.776560e+01
 1.771712e+01
 1.766904e+01
 1.762135e+01
 1.757405e+01
 1.752712e+01
 1.748057e+01
 1.743439e+01
 1.738857e+01
 1.734310e+01
 1.729800e+01
 1.725324e+01
 1.720883e+01
 1.716476e+01
 1.712103e+01
 1.707763e+01
 1.703456e+01
 1.699182e+01
 1.694939e+01
 1.690728e+01
 1.686548e+01
 1.682399e+01
 1.678281e+01
 1.674192e+01
 1.670134e+01
 1.666104e+01
 1.662104e+01
 1.658132e+01
 1.654189e+01
 1.650274e+01
 1.646386e+01
 1.642526e+01
 1.638693e+01
 1.634886e+01
 1.631106e+01
 1.627352e+01
 1.623624e+01
 1.619922e+01
 1.616244e+01
 1.612592e+01
 1.608964e+01
 1.605360e+01
 1.601781e+01
 1.598225e+01
 1.594693e+01
 1.591185e+01
 1.587699e+01
 1.584236e+01
 1.580796e+01
 1.577378e+01
 1.573982e+01
 1.570608e+01
 1.567256e+01
 1.563925e+01
 1.560615e+01
 1.557326e+01
 1.554057e+01
 1.550810e+01
 1.547582e+01
 1.544375e+01
 1.541187e+01
 1.538019e+01
 1.534871e+01
 1.531742e+01
 1.528631e+01
 1.525540e+01
 1.522468e+01
 1.519413e+01
 1.516378e+01
 1.513360e+01
 1.510360e+01
 1.507378e+01
 1.504414e+01
 1.501467e+01
 1.498537e+01
 1.495625e+01
 1.492729e+01
 1.489850e+01
 1.486988e+01
 1.484142e+01
 1.481312e+01
 1.478499e+01
 1.475701e+01
 1.472919e+01
 1.470153e+01
 1.467403e+01
 1.464668e+01
 1.461948e+01
 1.459243e+01
 1.456553e+01
 1.453878e+01
 1.451218e+01
 1.448572e+01
 1.445941e+01
 1.443323e+01
 1.440721e+01
 1.438132e+01
 1.435557e+01
 1.432995e+01
 1.430448e+01
 1.427914e+01
 1.425393e+01
 1.422886e+01
 1.420392e+01
 1.417911e+01
 1.415443e+01
 1.412988e+01
 1.410545e+01
 1.408115e+01
 1.405698e+01
 1.403293e+01
 1.400900e+01
 1.398520e+01
 1.396151e+01
 1.393795e+01
 1.391450e+01
 1.389118e+01
 1.386797e+01
 1.384487e+01
 1.382189e+01
 1.379903e+01
 1.377628e+01
 1.375364e+01
 1.373111e+01
 1.370869e+01
 1.368638e+01
 1.366418e+01
 1.364209e+01
 1.362010e+01
 1.359822e+01
 1.357645e+01
 1.355478e+01
 1.353321e+01
 1.351175e+01
 1.349039e+01
 1.346912e+01
 1.344796e+01
 1.342690e+01
 1.340594e+01
 1.338507e+01
 1.336431e+01
 1.334363e+01
 1.332306e+01
 1.330258e+01
 1.328219e+01
 1.326190e+01
 1.324169e+01
 1.322159e+01
 1.320157e+01
 1.318164e+01
 1.316180e+01
 1.314206e+01
 1.312240e+01
 1.310283e+01
 1.308334e+01
 1.306395e+01
 1.304463e+01
 1.302541e+01
 1.300627e+01
 1.298721e+01
 1.296824e+01
 1.294935e+01
 1.293054e+01
 1.291181e+01
 1.289317e+01
 1.287460e+01
 1.285612e+01
 1.283771e+01
 1.281939e+01
 1.280114e+01
 1.278297e+01
 1.276487e+01
 1.274686e+01
 1.272892e+01
 1.271105e+01
 1.269326e+01
 1.267555e+01
 1.265790e+01
 1.264034e+01
 1.262284e+01
 1.260542e+01
 1.258807e+01
 1.257079e+01
 1.255358e+01
 1.253644e+01
 1.251937e+01
 1.250237e+01
 1.248544e+01
 1.246858e+01
 1.245179e+01
 1.243507e+01
 1.241841e+01
 1.240182e+01
 1.238529e+01
 1.236883e+01
 1.235244e+01
 1.233611e+01
 1.231985e+01
 1.230365e+01
 1.228751e+01
 1.227144e+01
 1.225543e+01
 1.223948e+01
 1.222360e+01
 1.220777e+01
 1.219201e+01
 1.217631e+01
 1.216067e+01
 1.214509e+01
 1.212957e+01
 1.211411e+01
 1.209870e+01
 1.208336e+01
 1.206807e+01
 1.205285e+01
 1.203768e+01
 1.202256e+01
 1.200751e+01
 1.199251e+01
 1.197756e+01
 1.196267e+01
 1.194784e+01
 1.193306e+01
 1.191834e+01
 1.190367e+01
 1.188906e+01
 1.187450e+01
 1.185999e+01
 1.184553e+01
 1.183113e+01
 1.181678e+01
 1.180249e+01
 1.178824e+01
 1.177405e+01
 1.175990e+01
 1.174581e+01
 1.173177e+01
 1.171778e+01
 1.170384e+01
 1.168994e+01
 1.167610e+01
 1.166231e+01
 1.164856e+01
 1.163487e+01
 1.162122e+01
 1.160762e+01
 1.159407e+01
 1.158056e+01
 1.156710e+01
 1.155369e+01
 1.154033e+01
 1.152701e+01
 1.151374e+01
 1.150051e+01
 1.148733e+01
 1.147419e+01
 1.146110e+01
 1.144806e+01
 1.143506e+01
 1.142210e+01
 1.140918e+01
 1.139631e+01
 1.138349e+01
 1.137070e+01
 1.135796e+01
 1.134527e+01
 1.133261e+01
 1.132000e+01
 1.130743e+01
 1.129490e+01
 1.128241e+01
 1.126997e+01
 1.125756e+01
 1.124520e+01
 1.123287e+01
 1.122059e+01
 1.120835e+01
 1.119614e+01
 1.118398e+01
 1.117186e+01
 1.115977e+01
 1.114773e+01
 1.113572e+01
 1.112375e+01
 1.111183e+01
 1.109993e+01
 1.108808e+01
 1.107627e+01
 1.106449e+01
 1.105275e+01
 1.104105e+01
 1.102938e+01
 1.101776e+01
 1.100616e+01
 1.099461e+01
 1.098309e+01
 1.097161e+01
 1.096016e+01
 1.094875e+01
 1.093737e+01
 1.092603e+01
 1.091473e+01
 1.090346e+01
 1.089223e+01
 1.088103e+01
 1.086986e+01
 1.085873e+01
 1.084763e+01
 1.083657e+01
 1.082554e+01
 1.081454e+01
 1.080358e+01
 1.079265e+01
 1.078175e+01
 1.077089e+01
 1.076006e+01
 1.074926e+01
 1.073850e+01
 1.072776e+01
 1.071706e+01
 1.517893e+02
 1.282854e+02
 1.131371e+02
 1.023363e+02
 9.413574e+01
 8.763561e+01
 8.231932e+01
 7.786628e+01
 7.406561e+01
 7.077214e+01
 6.788225e+01
 6.531973e+01
 6.302709e+01
 6.096006e+01
 5.908392e+01
 5.737097e+01
 5.579887e+01
 5.434930e+01
 5.300713e+01
 5.175973e+01
 5.059644e+01
 4.950822e+01
 4.848732e+01
 4.752708e+01
 4.662172e+01
 4.576620e+01
 4.495612e+01
 4.418758e+01
 4.345716e+01
 4.276180e+01
 4.209878e+01
 4.146568e+01
 4.086031e+01
 4.028071e+01
 3.972508e+01
 3.919184e+01
 3.867950e+01
 3.818675e+01
 3.771236e+01
 3.725523e+01
 3.681432e+01
 3.638871e+01
 3.597752e+01
 3.557997e+01
 3.519531e+01
 3.482286e+01
 3.446199e+01
 3.411211e+01
 3.377268e+01
 3.344318e+01
 3.312315e+01
 3.281212e+01
 3.250970e+01
 3.221549e+01
 3.192913e+01
 3.165026e+01
 3.137858e+01
 3.111378e+01
 3.085557e+01
 3.060368e+01
 3.035787e+01
 3.011788e+01
 2.988349e+01
 2.965450e+01
 2.943069e+01
 2.921187e+01
 2.899786e+01
 2.878849e+01
 2.858358e+01
 2.838300e+01
 2.818657e+01
 2.799417e+01
 2.780565e+01
 2.762090e+01
 2.743977e+01
 2.726217e+01
 2.708797e+01
 2.691706e+01
 2.674935e+01
 2.658474e+01
 2.642313e+01
 2.626443e+01
 2.610856e+01
 2.595543e+01
 2.580496e+01
 2.565708e+01
 2.551171e+01
 2.536879e+01
 2.522824e+01
 2.509000e+01
 2.495401e+01
 2.482021e+01
 2.468854e+01
 2.455894e+01
 2.443136e+01
 2.430574e+01
 2.418205e+01
 2.406023e+01
 2.394022e+01
 2.382200e+01
 2.370551e+01
 2.359071e+01
 2.347757e+01
 2.336603e+01
 2.325608e+01
 2.314766e+01
 2.304074e+01
 2.293529e+01
 2.283127e+01
 2.272866e+01
 2.262742e+01
 2.252752e+01
 2.242893e+01
 2.233162e+01
 2.223557e+01
 2.214075e+01
 2.204713e+01
 2.195469e+01
 2.186340e+01
 2.177324e+01
 2.168419e+01
 2.159622e+01
 2.150931e+01
 2.142345e+01
 2.133860e+01
 2.125476e+01
 2.117189e+01
 2.108999e+01
 2.100903e+01
 2.092899e+01
 2.084987e+01
 2.077163e+01
 2.069427e+01
 2.061777e+01
 2.054210e+01
 2.046727e+01
 2.039325e+01
 2.032002e+01
 2.024758e+01
 2.017590e+01
 2.010499e+01
 2.003481e+01
 1.996537e+01
 1.989664e+01
 1.982862e+01
 1.976129e+01
 1.969464e+01
 1.962866e+01
 1.956334e+01
 1.949867e+01
 1.943463e+01
 1.937122e+01
 1.930843e+01
 1.924625e+01
 1.918466e+01
 1.912366e+01
 1.906324e+01
 1.900338e+01
 1.894409e+01
 1.888535e+01
 1.882715e+01
 1.876949e+01
 1.871235e+01
 1.865573e+01
 1.859962e+01
 1.854402e+01
 1.848891e+01
 1.843429e+01
 1.838015e+01
 1.832649e+01
 1.827329e+01
 1.822055e+01
 1.816827e+01
 1.811643e+01
 1.806504e+01
 1.801408e+01
 1.796355e+01
 1.791344e+01
 1.786375e+01
 1.781447e+01
 1.776560e+01
 1.771712e+01
 1.766904e+01
 1.762135e+01
 1.757405e+01
 1.752712e+01
 1.748057e+01
 1.743439e+01
 1.738857e+01
 1.734310e+01
 1.729800e+01
 1.725324e+01
 1.720883e+01
 1.716476e+01
 1.712103e+01
 1.707763e+01
 1.703456e+01
 1.699182e+01
 1.694939e+01
 1.690728e+01
 1.686548e+01
 1.682399e+01
 1.678281e+01
 1.674192e+01
 1.670134e+01
 1.666104e+01
 1.662104e+01
 1.658132e+01
 1.654189e+01
 1.650274e+01
 1.646386e+01
 1.642526e+01
 1.638693e+01
 1.634886e+01
 1.631106e+01
 1.627352e+01
 1.623624e+01
 1.619922e+01
 1.616244e+01
 1.612592e+01
 1.608964e+01
 1.605360e+01
 1.601781e+01
 1.598225e+01
 1.594693e+01
 1.591185e+01
 1.587699e+01
 1.584236e+01
 1.580796e+01
 1.577378e+01
 1.573982e+01
 1.570608e+01
 1.567256e+01
 1.563925e+01
 1.560615e+01
 1.557326e+01
 1.554057e+01
 1.550810e+01
 1.547582e+01
 1.544375e+01
 1.541187e+01
 1.538019e+01
 1.534871e+01
 1.531742e+01
 1.528631e+01
 1.525540e+01
 1.522468e+01
 1.519413e+01
 1.516378e+01
 1.513360e+01
 1.510360e+01
 1.507378e+01
 1.504414e+01
 1.501467e+01
 1.498537e+01
 1.495625e+01
 1.492729e+01
 1.489850e+01
 1.486988e+01
 1.484142e+01
 1.481312e+01
 1.478499e+01
 1.475701e+01
 1.472919e+01
 1.470153e+01
 1.467403e+01
 1.464668e+01
 1.461948e+01
 1.459243e+01
 1.456553e+01
 1.453878e+01
 1.451218e+01
 1.448572e+01
 1.445941e+01
 1.443323e+01
 1.440721e+01
 1.438132e+01
 1.435557e+01
 1.432995e+01
 1.430448e+01
 1.427914e+01
 1.425393e+01
 1.422886e+01
 1.420392e+01
 1.417911e+01
 1.415443e+01
 1.412988e+01
 1.410545e+01
 1.408115e+01
 1.405698e+01
 1.403293e+01
 1.400900e+01
 1.398520e+01
 1.396151e+01
 1.393795e+01
 1.391450e+01
 1.389118e+01
 1.386797e+01
 1.384487e+01
 1.382189e+01
 1.379903e+01
 1.377628e+01
 1.375364e+01
 1.373111e+01
 1.370869e+01
 1.368638e+01
 1.366418e+01
 1.364209e+01
 1.362010e+01
 1.359822e+01
 1.357645e+01
 1.355478e+01
 1.353321e+01
 1.351175e+01
 1.349039e+01
 1.346912e+01
 1.344796e+01
 1.342690e+01
 1.340594e+01
 1.338507e+01
 1.336431e+01
 1.334363e+01
 1.332306e+01
 1.330258e+01
 1.328219e+01
 1.326190e+01
 1.324169e+01
 1.322159e+01
 1.320157e+01
 1.318164e+01
 1.316180e+01
 1.314206e+01
 1.312240e+01
 1.310283e+01
 1.308334e+01
 1.306395e+01
 1.304463e+01
 1.302541e+01
 1.300627e+01
 1.298721e+01
 1.296824e+01
 1.294935e+01
 1.293054e+01
 1.291181e+01
 1.289317e+01
 1.287460e+01
 1.285612e+01
 1.283771e+01
 1.281939e+01
 1.280114e+01
 1.278297e+01
 1.276487e+01
 1.274686e+01
 1.272892e+01
 1.271105e+01
 1.269326e+01
 1.267555e+01
 1.265790e+01
 1.264034e+01
 1.262284e+01
 1.260542e+01
 1.258807e+01
 1.257079e+01
 1.255358e+01
 1.253644e+01
 1.251937e+01
 1.250237e+01
 1.248544e+01
 1.246858e+01
 1.245179e+01
 1.243507e+01
 1.241841e+01
 1.240182e+01
 1.238529e+01
 1.236883e+01
 1.235244e+01
 1.233611e+01
 1.231985e+01
 1.230365e+01
 1.228751e+01
 1.227144e+01
 1.225543e+01
 1.223948e+01
 1.222360e+01
 1.220777e+01
 1.219201e+01
 1.217631e+01
 1.216067e+01
 1.214509e+01
 1.212957e+01
 1.211411e+01
 1.209870e+01
 1.208336e+01
 1.206807e+01
 1.205285e+01
 1.203768e+01
 1.202256e+01
 1.200751e+01
 1.199251e+01
 1.197756e+01
 1.196267e+01
 1.194784e+01
 1.193306e+01
 1.191834e+01
 1.190367e+01
 1.188906e+01
 1.187450e+01
 1.185999e+01
 1.184553e+01
 1.183113e+01
 1.181678e+01
 1.180249e+01
 1.178824e+01
 1.177405e+01
 1.175990e+01
 1.174581e+01
 1.173177e+01
 1.171778e+01
 1.170384e+01
 1.168994e+01
 1.167610e+01
 1.166231e+01
 1.164856e+01
 1.163487e+01
 1.162122e+01
 1.160762e+01
 1.159407e+01
 1.158056e+01
 1.156710e+01
 1.155369e+01
 1.154033e+01
 1.152701e+01
 1.151374e+01
 1.150051e+01
 1.148733e+01
 1.147419e+01
 1.146110e+01
 1.144806e+01
 1.143506e+01
 1.142210e+01
 1.140918e+01
 1.139631e+01
 1.138349e+01
 1.137070e+01
 1.135796e+01
 1.134527e+01
 1.133261e+01
 1.132000e+01
 1.130743e+01
 1.129490e+01
 1.128241e+01
 1.126997e+01
 1.125756e+01
 1.124520e+01
 1.123287e+01
 1.122059e+01
 1.120835e+01
 1.119614e+01
 1.118398e+01
 1.117186e+01
 1.115977e+01
 1.114773e+01
 1.113572e+01
 1.112375e+01
 1.111183e+01
 1.109993e+01
 1.108808e+01
 1.107627e+01
 1.106449e+01
 1.105275e+01
 1.104105e+01
 1.102938e+01
 1.101776e+01
 1.100616e+01
 1.099461e+01
 1.098309e+01
 1.097161e+01
 1.096016e+01
 1.094875e+01
 1.093737e+01
 1.092603e+01
 1.091473e+01
 1.090346e+01
 1.089223e+01
 1.088103e+01
 1.086986e+01
 1.085873e+01
 1.084763e+01
 1.083657e+01
 1.082554e+01
 1.081454e+01
 1.080358e+01
 1.079265e+01
 1.078175e+01
 1.077089e+01
 1.076006e+01
 1.074926e+01
 1.073850e+01
 1.072776e+01
 1.071706e+01
