1
2500
1
 1.517893e+02
 1.282854e+02
 1.131371e+02
 1.023363e+02
 9.413574e+01
 8.763561e+01
 8.231932e+01
 7.786628e+01
 7.406561e+01
 7.077214e+01
 6.788225e+01
 6.531973e+01
 6.302709e+01
 6.096006e+01
 5.908392e+01
 5.737097e+01
 5.579887e+01
 5.434930e+01
 5.300713e+01
 5.175973e+01
 5.059644e+01
 4.950822e+01
 4.848732e+01
 4.752708e+01
 4.662172e+01
 4.576620e+01
 4.495612e+01
 4.418758e+01
 4.345716e+01
 4.276180e+01
 4.209878e+01
 4.146568e+01
 4.086031e+01
 4.028071e+01
 3.972508e+01
 3.919184e+01
 3.867950e+01
 3.818675e+01
 3.771236e+01
 3.725523e+01
 3.681432e+01
 3.638871e+01
 3.597752e+01
 3.557997e+01
 3.519531e+01
 3.482286e+01
 3.446199e+01
 3.411211e+01
 3.377268e+01
 3.344318e+01
 3.312315e+01
 3.281212e+01
 3.250970e+01
 3.221549e+01
 3.192913e+01
 3.165026e+01
 3.137858e+01
 3.111378e+01
 3.085557e+01
 3.060368e+01
 3.035787e+01
 3.011788e+01
 2.988349e+01
 2.965450e+01
 2.943069e+01
 2.921187e+01
 2.899786e+01
 2.878849e+01
 2.858358e+01
 2.838300e+01
 2.818657e+01
 2.799417e+01
 2.780565e+01
 2.762090e+01
 2.743977e+01
 2.726217e+01
 2.708797e+01
 2.691706e+01
 2.674935e+01
 2.658474e+01
 2.642313e+01
 2.626443e+01
 2.610856e+01
 2.595543e+01
 2.580496e+01
 2.565708e+01
 2.551171e+01
 2.536879e+01
 2.522824e+01
 2.509000e+01
 2.495401e+01
 2.482021e+01
 2.468854e+01
 2.455894e+01
 2.443136e+01
 2.430574e+01
 2.418205e+01
 2.406023e+01
 2.394022e+01
 2.382200e+01
 2.370551e+01
 2.359071e+01
 2.347757e+01
 2.336603e+01
 2.325608e+01
 2.314766e+01
 2.304074e+01
 2.293529e+01
 2.283127e+01
 2.272866e+01
 2.262742e+01
 2.252752e+01
 2.242893e+01
 2.233162e+01
 2.223557e+01
 2.214075e+01
 2.204713e+01
 2.195469e+01
 2.186340e+01
 2.177324e+01
 2.168419e+01
 2.159622e+01
 2.150931e+01
 2.142345e+01
 2.133860e+01
 2.125476e+01
 2.117189e+01
 2.108999e+01
 2.100903e+01
 2.092899e+01
 2.084987e+01
 2.077163e+01
 2.069427e+01
 2.061777e+01
 2.054210e+01
 2.046727e+01
 2.039325e+01
 2.032002e+01
 2.024758e+01
 2.017590e+01
 2.010499e+01
 2.003481e+01
 1.996537e+01
 1.989664e+01
 1.982862e+01
 1.976129e+01
 1.969464e+01
 1.962866e+01
 1.956334e+01
 1.949867e+01
 1.943463e+01
 1.937122e+01
 1.930843e+01
 1.924625e+01
 1.918466e+01
 1.912366e+01
 1.906324e+01
 1.900338e+01
 1.894409e+01
 1.888535e+01
 1.882715e+01
 1.876949e+01
 1.871235e+01
 1.865573e+01
 1.859962e+01
 1.854402e+01
 1.848891e+01
 1.843429e+01
 1.838015e+01
 1.832649e+01
 1.827329e+01
 1.822055e+01
 1.816827e+01
 1.811643e+01
 1.806504e+01
 1.801408e+01
 1.796355e+01
 1.791344e+01
 1.786375e+01
 1.781447e+01
 1.776560e+01
 1.771712e+01
 1.766904e+01
 1.762135e+01
 1.757405e+01
 1.752712e+01
 1.748057e+01
 1.743439e+01
 1.738857e+01
 1.734310e+01
 1.729800e+01
 1.725324e+01
 1.720883e+01
 1.716476e+01
 1.712103e+01
 1.707763e+01
 1.703456e+01
 1.699182e+01
 1.694939e+01
 1.690728e+01
 1.686548e+01
 1.682399e+01
 1.678281e+01
 1.674192e+01
 1.670134e+01
 1.666104e+01
 1.662104e+01
 1.658132e+01
 1.654189e+01
 1.650274e+01
 1.646386e+01
 1.642526e+01
 1.638693e+01
 1.634886e+01
 1.631106e+01
 1.627352e+01
 1.623624e+01
 1.619922e+01
 1.616244e+01
 1.612592e+01
 1.608964e+01
 1.605360e+01
 1.601781e+01
 1.598225e+01
 1.594693e+01
 1.591185e+01
 1.587699e+01
 1.584236e+01
 1.580796e+01
 1.577378e+01
 1.573982e+01
 1.570608e+01
 1.567256e+01
 1.563925e+01
 1.560615e+01
 1.557326e+01
 1.554057e+01
 1.550810e+01
 1.547582e+01
 1.544375e+01
 1.541187e+01
 1.538019e+01
 1.534871e+01
 1.531742e+01
 1.528631e+01
 1.525540e+01
 1.522468e+01
 1.519413e+01
 1.516378e+01
 1.513360e+01
 1.517893e+02
 1.282854e+02
 1.131371e+02
 1.023363e+02
 9.413574e+01
 8.763561e+01
 8.231932e+01
 7.786628e+01
 7.406561e+01
 7.077214e+01
 6.788225e+01
 6.531973e+01
 6.302709e+01
 6.096006e+01
 5.908392e+01
 5.737097e+01
 5.579887e+01
 5.434930e+01
 5.300713e+01
 5.175973e+01
 5.059644e+01
 4.950822e+01
 4.848732e+01
 4.752708e+01
 4.662172e+01
 4.576620e+01
 4.495612e+01
 4.418758e+01
 4.345716e+01
 4.276180e+01
 4.209878e+01
 4.146568e+01
 4.086031e+01
 4.028071e+01
 3.972508e+01
 3.919184e+01
 3.867950e+01
 3.818675e+01
 3.771236e+01
 3.725523e+01
 3.681432e+01
 3.638871e+01
 3.597752e+01
 3.557997e+01
 3.519531e+01
 3.482286e+01
 3.446199e+01
 3.411211e+01
 3.377268e+01
 3.344318e+01
 3.312315e+01
 3.281212e+01
 3.250970e+01
 3.221549e+01
 3.192913e+01
 3.165026e+01
 3.137858e+01
 3.111378e+01
 3.085557e+01
 3.060368e+01
 3.035787e+01
 3.011788e+01
 2.988349e+01
 2.965450e+01
 2.943069e+01
 2.921187e+01
 2.899786e+01
 2.878849e+01
 2.858358e+01
 2.838300e+01
 2.818657e+01
 2.799417e+01
 2.780565e+01
 2.762090e+01
 2.743977e+01
 2.726217e+01
 2.708797e+01
 2.691706e+01
 2.674935e+01
 2.658474e+01
 2.642313e+01
 2.626443e+01
 2.610856e+01
 2.595543e+01
 2.580496e+01
 2.565708e+01
 2.551171e+01
 2.536879e+01
 2.522824e+01
 2.509000e+01
 2.495401e+01
 2.482021e+01
 2.468854e+01
 2.455894e+01
 2.443136e+01
 2.430574e+01
 2.418205e+01
 2.406023e+01
 2.394022e+01
 2.382200e+01
 2.370551e+01
 2.359071e+01
 2.347757e+01
 2.336603e+01
 2.325608e+01
 2.314766e+01
 2.304074e+01
 2.293529e+01
 2.283127e+01
 2.272866e+01
 2.262742e+01
 2.252752e+01
 2.242893e+01
 2.233162e+01
 2.223557e+01
 2.214075e+01
 2.204713e+01
 2.195469e+01
 2.186340e+01
 2.177324e+01
 2.168419e+01
 2.159622e+01
 2.150931e+01
 2.142345e+01
 2.133860e+01
 2.125476e+01
 2.117189e+01
 2.108999e+01
 2.100903e+01
 2.092899e+01
 2.084987e+01
 2.077163e+01
 2.069427e+01
 2.061777e+01
 2.054210e+01
 2.046727e+01
 2.039325e+01
 2.032002e+01
 2.024758e+01
 2.017590e+01
 2.010499e+01
 2.003481e+01
 1.996537e+01
 1.989664e+01
 1.982862e+01
 1.976129e+01
 1.969464e+01
 1.962866e+01
 1.956334e+01
 1.949867e+01
 1.943463e+01
 1.937122e+01
 1.930843e+01
 1.924625e+01
 1.918466e+01
 1.912366e+01
 1.906324e+01
 1.900338e+01
 1.894409e+01
 1.888535e+01
 1.882715e+01
 1.876949e+01
 1.871235e+01
 1.865573e+01
 1.859962e+01
 1.854402e+01
 1.848891e+01
 1.843429e+01
 1.838015e+01
 1.832649e+01
 1.827329e+01
 1.822055e+01
 1.816827e+01
 1.811643e+01
 1.806504e+01
 1.801408e+01
 1.796355e+01
 1.791344e+01
 1.786375e+01
 1.781447e+01
 1.776560e+01
 1.771712e+01
 1.766904e+01
 1.762135e+01
 1.757405e+01
 1.752712e+01
 1.748057e+01
 1.743439e+01
 1.738857e+01
 1.734310e+01
 1.729800e+01
 1.725324e+01
 1.720883e+01
 1.716476e+01
 1.712103e+01
 1.707763e+01
 1.703456e+01
 1.699182e+01
 1.694939e+01
 1.690728e+01
 1.686548e+01
 1.682399e+01
 1.678281e+01
 1.674192e+01
 1.670134e+01
 1.666104e+01
 1.662104e+01
 1.658132e+01
 1.654189e+01
 1.650274e+01
 1.646386e+01
 1.642526e+01
 1.638693e+01
 1.634886e+01
 1.631106e+01
 1.627352e+01
 1.623624e+01
 1.619922e+01
 1.616244e+01
 1.612592e+01
 1.608964e+01
 1.605360e+01
 1.601781e+01
 1.598225e+01
 1.594693e+01
 1.591185e+01
 1.587699e+01
 1.584236e+01
 1.580796e+01
 1.577378e+01
 1.573982e+01
 1.570608e+01
 1.567256e+01
 1.563925e+01
 1.560615e+01
 1.557326e+01
 1.554057e+01
 1.550810e+01
 1.547582e+01
 1.544375e+01
 1.541187e+01
 1.538019e+01
 1.534871e+01
 1.531742e+01
 1.528631e+01
 1.525540e+01
 1.522468e+01
 1.519413e+01
 1.516378e+01
 1.513360e+01
 1.517893e+02
 1.282854e+02
 1.131371e+02
 1.023363e+02
 9.413574e+01
 8.763561e+01
 8.231932e+01
 7.786628e+01
 7.406561e+01
 7.077214e+01
 6.788225e+01
 6.531973e+01
 6.302709e+01
 6.096006e+01
 5.908392e+01
 5.737097e+01
 5.579887e+01
 5.434930e+01
 5.300713e+01
 5.175973e+01
 5.059644e+01
 4.950822e+01
 4.848732e+01
 4.752708e+01
 4.662172e+01
 4.576620e+01
 4.495612e+01
 4.418758e+01
 4.345716e+01
 4.276180e+01
 4.209878e+01
 4.146568e+01
 4.086031e+01
 4.028071e+01
 3.972508e+01
 3.919184e+01
 3.867950e+01
 3.818675e+01
 3.771236e+01
 3.725523e+01
 3.681432e+01
 3.638871e+01
 3.597752e+01
 3.557997e+01
 3.519531e+01
 3.482286e+01
 3.446199e+01
 3.411211e+01
 3.377268e+01
 3.344318e+01
 3.312315e+01
 3.281212e+01
 3.250970e+01
 3.221549e+01
 3.192913e+01
 3.165026e+01
 3.137858e+01
 3.111378e+01
 3.085557e+01
 3.060368e+01
 3.035787e+01
 3.011788e+01
 2.988349e+01
 2.965450e+01
 2.943069e+01
 2.921187e+01
 2.899786e+01
 2.878849e+01
 2.858358e+01
 2.838300e+01
 2.818657e+01
 2.799417e+01
 2.780565e+01
 2.762090e+01
 2.743977e+01
 2.726217e+01
 2.708797e+01
 2.691706e+01
 2.674935e+01
 2.658474e+01
 2.642313e+01
 2.626443e+01
 2.610856e+01
 2.595543e+01
 2.580496e+01
 2.565708e+01
 2.551171e+01
 2.536879e+01
 2.522824e+01
 2.509000e+01
 2.495401e+01
 2.482021e+01
 2.468854e+01
 2.455894e+01
 2.443136e+01
 2.430574e+01
 2.418205e+01
 2.406023e+01
 2.394022e+01
 2.382200e+01
 2.370551e+01
 2.359071e+01
 2.347757e+01
 2.336603e+01
 2.325608e+01
 2.314766e+01
 2.304074e+01
 2.293529e+01
 2.283127e+01
 2.272866e+01
 2.262742e+01
 2.252752e+01
 2.242893e+01
 2.233162e+01
 2.223557e+01
 2.214075e+01
 2.204713e+01
 2.195469e+01
 2.186340e+01
 2.177324e+01
 2.168419e+01
 2.159622e+01
 2.150931e+01
 2.142345e+01
 2.133860e+01
 2.125476e+01
 2.117189e+01
 2.108999e+01
 2.100903e+01
 2.092899e+01
 2.084987e+01
 2.077163e+01
 2.069427e+01
 2.061777e+01
 2.054210e+01
 2.046727e+01
 2.039325e+01
 2.032002e+01
 2.024758e+01
 2.017590e+01
 2.010499e+01
 2.003481e+01
 1.996537e+01
 1.989664e+01
 1.982862e+01
 1.976129e+01
 1.969464e+01
 1.962866e+01
 1.956334e+01
 1.949867e+01
 1.943463e+01
 1.937122e+01
 1.930843e+01
 1.924625e+01
 1.918466e+01
 1.912366e+01
 1.906324e+01
 1.900338e+01
 1.894409e+01
 1.888535e+01
 1.882715e+01
 1.876949e+01
 1.871235e+01
 1.865573e+01
 1.859962e+01
 1.854402e+01
 1.848891e+01
 1.843429e+01
 1.838015e+01
 1.832649e+01
 1.827329e+01
 1.822055e+01
 1.816827e+01
 1.811643e+01
 1.806504e+01
 1.801408e+01
 1.796355e+01
 1.791344e+01
 1.786375e+01
 1.781447e+01
 1.776560e+01
 1.771712e+01
 1.766904e+01
 1.762135e+01
 1.757405e+01
 1.752712e+01
 1.748057e+01
 1.743439e+01
 1.738857e+01
 1.734310e+01
 1.729800e+01
 1.725324e+01
 1.720883e+01
 1.716476e+01
 1.712103e+01
 1.707763e+01
 1.703456e+01
 1.699182e+01
 1.694939e+01
 1.690728e+01
 1.686548e+01
 1.682399e+01
 1.678281e+01
 1.674192e+01
 1.670134e+01
 1.666104e+01
 1.662104e+01
 1.658132e+01
 1.654189e+01
 1.650274e+01
 1.646386e+01
 1.642526e+01
 1.638693e+01
 1.634886e+01
 1.631106e+01
 1.627352e+01
 1.623624e+01
 1.619922e+01
 1.616244e+01
 1.612592e+01
 1.608964e+01
 1.605360e+01
 1.601781e+01
 1.598225e+01
 1.594693e+01
 1.591185e+01
 1.587699e+01
 1.584236e+01
 1.580796e+01
 1.577378e+01
 1.573982e+01
 1.570608e+01
 1.567256e+01
 1.563925e+01
 1.560615e+01
 1.557326e+01
 1.554057e+01
 1.550810e+01
 1.547582e+01
 1.544375e+01
 1.541187e+01
 1.538019e+01
 1.534871e+01
 1.531742e+01
 1.528631e+01
 1.525540e+01
 1.522468e+01
 1.519413e+01
 1.516378e+01
 1.513360e+01
 1.517893e+02
 1.282854e+02
 1.131371e+02
 1.023363e+02
 9.413574e+01
 8.763561e+01
 8.231932e+01
 7.786628e+01
 7.406561e+01
 7.077214e+01
 6.788225e+01
 6.531973e+01
 6.302709e+01
 6.096006e+01
 5.908392e+01
 5.737097e+01
 5.579887e+01
 5.434930e+01
 5.300713e+01
 5.175973e+01
 5.059644e+01
 4.950822e+01
 4.848732e+01
 4.752708e+01
 4.662172e+01
 4.576620e+01
 4.495612e+01
 4.418758e+01
 4.345716e+01
 4.276180e+01
 4.209878e+01
 4.146568e+01
 4.086031e+01
 4.028071e+01
 3.972508e+01
 3.919184e+01
 3.867950e+01
 3.818675e+01
 3.771236e+01
 3.725523e+01
 3.681432e+01
 3.638871e+01
 3.597752e+01
 3.557997e+01
 3.519531e+01
 3.482286e+01
 3.446199e+01
 3.411211e+01
 3.377268e+01
 3.344318e+01
 3.312315e+01
 3.281212e+01
 3.250970e+01
 3.221549e+01
 3.192913e+01
 3.165026e+01
 3.137858e+01
 3.111378e+01
 3.085557e+01
 3.060368e+01
 3.035787e+01
 3.011788e+01
 2.988349e+01
 2.965450e+01
 2.943069e+01
 2.921187e+01
 2.899786e+01
 2.878849e+01
 2.858358e+01
 2.838300e+01
 2.818657e+01
 2.799417e+01
 2.780565e+01
 2.762090e+01
 2.743977e+01
 2.726217e+01
 2.708797e+01
 2.691706e+01
 2.674935e+01
 2.658474e+01
 2.642313e+01
 2.626443e+01
 2.610856e+01
 2.595543e+01
 2.580496e+01
 2.565708e+01
 2.551171e+01
 2.536879e+01
 2.522824e+01
 2.509000e+01
 2.495401e+01
 2.482021e+01
 2.468854e+01
 2.455894e+01
 2.443136e+01
 2.430574e+01
 2.418205e+01
 2.406023e+01
 2.394022e+01
 2.382200e+01
 2.370551e+01
 2.359071e+01
 2.347757e+01
 2.336603e+01
 2.325608e+01
 2.314766e+01
 2.304074e+01
 2.293529e+01
 2.283127e+01
 2.272866e+01
 2.262742e+01
 2.252752e+01
 2.242893e+01
 2.233162e+01
 2.223557e+01
 2.214075e+01
 2.204713e+01
 2.195469e+01
 2.186340e+01
 2.177324e+01
 2.168419e+01
 2.159622e+01
 2.150931e+01
 2.142345e+01
 2.133860e+01
 2.125476e+01
 2.117189e+01
 2.108999e+01
 2.100903e+01
 2.092899e+01
 2.084987e+01
 2.077163e+01
 2.069427e+01
 2.061777e+01
 2.054210e+01
 2.046727e+01
 2.039325e+01
 2.032002e+01
 2.024758e+01
 2.017590e+01
 2.010499e+01
 2.003481e+01
 1.996537e+01
 1.989664e+01
 1.982862e+01
 1.976129e+01
 1.969464e+01
 1.962866e+01
 1.956334e+01
 1.949867e+01
 1.943463e+01
 1.937122e+01
 1.930843e+01
 1.924625e+01
 1.918466e+01
 1.912366e+01
 1.906324e+01
 1.900338e+01
 1.894409e+01
 1.888535e+01
 1.882715e+01
 1.876949e+01
 1.871235e+01
 1.865573e+01
 1.859962e+01
 1.854402e+01
 1.848891e+01
 1.843429e+01
 1.838015e+01
 1.832649e+01
 1.827329e+01
 1.822055e+01
 1.816827e+01
 1.811643e+01
 1.806504e+01
 1.801408e+01
 1.796355e+01
 1.791344e+01
 1.786375e+01
 1.781447e+01
 1.776560e+01
 1.771712e+01
 1.766904e+01
 1.762135e+01
 1.757405e+01
 1.752712e+01
 1.748057e+01
 1.743439e+01
 1.738857e+01
 1.734310e+01
 1.729800e+01
 1.725324e+01
 1.720883e+01
 1.716476e+01
 1.712103e+01
 1.707763e+01
 1.703456e+01
 1.699182e+01
 1.694939e+01
 1.690728e+01
 1.686548e+01
 1.682399e+01
 1.678281e+01
 1.674192e+01
 1.670134e+01
 1.666104e+01
 1.662104e+01
 1.658132e+01
 1.654189e+01
 1.650274e+01
 1.646386e+01
 1.642526e+01
 1.638693e+01
 1.634886e+01
 1.631106e+01
 1.627352e+01
 1.623624e+01
 1.619922e+01
 1.616244e+01
 1.612592e+01
 1.608964e+01
 1.605360e+01
 1.601781e+01
 1.598225e+01
 1.594693e+01
 1.591185e+01
 1.587699e+01
 1.584236e+01
 1.580796e+01
 1.577378e+01
 1.573982e+01
 1.570608e+01
 1.567256e+01
 1.563925e+01
 1.560615e+01
 1.557326e+01
 1.554057e+01
 1.550810e+01
 1.547582e+01
 1.544375e+01
 1.541187e+01
 1.538019e+01
 1.534871e+01
 1.531742e+01
 1.528631e+01
 1.525540e+01
 1.522468e+01
 1.519413e+01
 1.516378e+01
 1.513360e+01
 1.517893e+02
 1.282854e+02
 1.131371e+02
 1.023363e+02
 9.413574e+01
 8.763561e+01
 8.231932e+01
 7.786628e+01
 7.406561e+01
 7.077214e+01
 6.788225e+01
 6.531973e+01
 6.302709e+01
 6.096006e+01
 5.908392e+01
 5.737097e+01
 5.579887e+01
 5.434930e+01
 5.300713e+01
 5.175973e+01
 5.059644e+01
 4.950822e+01
 4.848732e+01
 4.752708e+01
 4.662172e+01
 4.576620e+01
 4.495612e+01
 4.418758e+01
 4.345716e+01
 4.276180e+01
 4.209878e+01
 4.146568e+01
 4.086031e+01
 4.028071e+01
 3.972508e+01
 3.919184e+01
 3.867950e+01
 3.818675e+01
 3.771236e+01
 3.725523e+01
 3.681432e+01
 3.638871e+01
 3.597752e+01
 3.557997e+01
 3.519531e+01
 3.482286e+01
 3.446199e+01
 3.411211e+01
 3.377268e+01
 3.344318e+01
 3.312315e+01
 3.281212e+01
 3.250970e+01
 3.221549e+01
 3.192913e+01
 3.165026e+01
 3.137858e+01
 3.111378e+01
 3.085557e+01
 3.060368e+01
 3.035787e+01
 3.011788e+01
 2.988349e+01
 2.965450e+01
 2.943069e+01
 2.921187e+01
 2.899786e+01
 2.878849e+01
 2.858358e+01
 2.838300e+01
 2.818657e+01
 2.799417e+01
 2.780565e+01
 2.762090e+01
 2.743977e+01
 2.726217e+01
 2.708797e+01
 2.691706e+01
 2.674935e+01
 2.658474e+01
 2.642313e+01
 2.626443e+01
 2.610856e+01
 2.595543e+01
 2.580496e+01
 2.565708e+01
 2.551171e+01
 2.536879e+01
 2.522824e+01
 2.509000e+01
 2.495401e+01
 2.482021e+01
 2.468854e+01
 2.455894e+01
 2.443136e+01
 2.430574e+01
 2.418205e+01
 2.406023e+01
 2.394022e+01
 2.382200e+01
 2.370551e+01
 2.359071e+01
 2.347757e+01
 2.336603e+01
 2.325608e+01
 2.314766e+01
 2.304074e+01
 2.293529e+01
 2.283127e+01
 2.272866e+01
 2.262742e+01
 2.252752e+01
 2.242893e+01
 2.233162e+01
 2.223557e+01
 2.214075e+01
 2.204713e+01
 2.195469e+01
 2.186340e+01
 2.177324e+01
 2.168419e+01
 2.159622e+01
 2.150931e+01
 2.142345e+01
 2.133860e+01
 2.125476e+01
 2.117189e+01
 2.108999e+01
 2.100903e+01
 2.092899e+01
 2.084987e+01
 2.077163e+01
 2.069427e+01
 2.061777e+01
 2.054210e+01
 2.046727e+01
 2.039325e+01
 2.032002e+01
 2.024758e+01
 2.017590e+01
 2.010499e+01
 2.003481e+01
 1.996537e+01
 1.989664e+01
 1.982862e+01
 1.976129e+01
 1.969464e+01
 1.962866e+01
 1.956334e+01
 1.949867e+01
 1.943463e+01
 1.937122e+01
 1.930843e+01
 1.924625e+01
 1.918466e+01
 1.912366e+01
 1.906324e+01
 1.900338e+01
 1.894409e+01
 1.888535e+01
 1.882715e+01
 1.876949e+01
 1.871235e+01
 1.865573e+01
 1.859962e+01
 1.854402e+01
 1.848891e+01
 1.843429e+01
 1.838015e+01
 1.832649e+01
 1.827329e+01
 1.822055e+01
 1.816827e+01
 1.811643e+01
 1.806504e+01
 1.801408e+01
 1.796355e+01
 1.791344e+01
 1.786375e+01
 1.781447e+01
 1.776560e+01
 1.771712e+01
 1.766904e+01
 1.762135e+01
 1.757405e+01
 1.752712e+01
 1.748057e+01
 1.743439e+01
 1.738857e+01
 1.734310e+01
 1.729800e+01
 1.725324e+01
 1.720883e+01
 1.716476e+01
 1.712103e+01
 1.707763e+01
 1.703456e+01
 1.699182e+01
 1.694939e+01
 1.690728e+01
 1.686548e+01
 1.682399e+01
 1.678281e+01
 1.674192e+01
 1.670134e+01
 1.666104e+01
 1.662104e+01
 1.658132e+01
 1.654189e+01
 1.650274e+01
 1.646386e+01
 1.642526e+01
 1.638693e+01
 1.634886e+01
 1.631106e+01
 1.627352e+01
 1.623624e+01
 1.619922e+01
 1.616244e+01
 1.612592e+01
 1.608964e+01
 1.605360e+01
 1.601781e+01
 1.598225e+01
 1.594693e+01
 1.591185e+01
 1.587699e+01
 1.584236e+01
 1.580796e+01
 1.577378e+01
 1.573982e+01
 1.570608e+01
 1.567256e+01
 1.563925e+01
 1.560615e+01
 1.557326e+01
 1.554057e+01
 1.550810e+01
 1.547582e+01
 1.544375e+01
 1.541187e+01
 1.538019e+01
 1.534871e+01
 1.531742e+01
 1.528631e+01
 1.525540e+01
 1.522468e+01
 1.519413e+01
 1.516378e+01
 1.513360e+01
 1.517893e+02
 1.282854e+02
 1.131371e+02
 1.023363e+02
 9.413574e+01
 8.763561e+01
 8.231932e+01
 7.786628e+01
 7.406561e+01
 7.077214e+01
 6.788225e+01
 6.531973e+01
 6.302709e+01
 6.096006e+01
 5.908392e+01
 5.737097e+01
 5.579887e+01
 5.434930e+01
 5.300713e+01
 5.175973e+01
 5.059644e+01
 4.950822e+01
 4.848732e+01
 4.752708e+01
 4.662172e+01
 4.576620e+01
 4.495612e+01
 4.418758e+01
 4.345716e+01
 4.276180e+01
 4.209878e+01
 4.146568e+01
 4.086031e+01
 4.028071e+01
 3.972508e+01
 3.919184e+01
 3.867950e+01
 3.818675e+01
 3.771236e+01
 3.725523e+01
 3.681432e+01
 3.638871e+01
 3.597752e+01
 3.557997e+01
 3.519531e+01
 3.482286e+01
 3.446199e+01
 3.411211e+01
 3.377268e+01
 3.344318e+01
 3.312315e+01
 3.281212e+01
 3.250970e+01
 3.221549e+01
 3.192913e+01
 3.165026e+01
 3.137858e+01
 3.111378e+01
 3.085557e+01
 3.060368e+01
 3.035787e+01
 3.011788e+01
 2.988349e+01
 2.965450e+01
 2.943069e+01
 2.921187e+01
 2.899786e+01
 2.878849e+01
 2.858358e+01
 2.838300e+01
 2.818657e+01
 2.799417e+01
 2.780565e+01
 2.762090e+01
 2.743977e+01
 2.726217e+01
 2.708797e+01
 2.691706e+01
 2.674935e+01
 2.658474e+01
 2.642313e+01
 2.626443e+01
 2.610856e+01
 2.595543e+01
 2.580496e+01
 2.565708e+01
 2.551171e+01
 2.536879e+01
 2.522824e+01
 2.509000e+01
 2.495401e+01
 2.482021e+01
 2.468854e+01
 2.455894e+01
 2.443136e+01
 2.430574e+01
 2.418205e+01
 2.406023e+01
 2.394022e+01
 2.382200e+01
 2.370551e+01
 2.359071e+01
 2.347757e+01
 2.336603e+01
 2.325608e+01
 2.314766e+01
 2.304074e+01
 2.293529e+01
 2.283127e+01
 2.272866e+01
 2.262742e+01
 2.252752e+01
 2.242893e+01
 2.233162e+01
 2.223557e+01
 2.214075e+01
 2.204713e+01
 2.195469e+01
 2.186340e+01
 2.177324e+01
 2.168419e+01
 2.159622e+01
 2.150931e+01
 2.142345e+01
 2.133860e+01
 2.125476e+01
 2.117189e+01
 2.108999e+01
 2.100903e+01
 2.092899e+01
 2.084987e+01
 2.077163e+01
 2.069427e+01
 2.061777e+01
 2.054210e+01
 2.046727e+01
 2.039325e+01
 2.032002e+01
 2.024758e+01
 2.017590e+01
 2.010499e+01
 2.003481e+01
 1.996537e+01
 1.989664e+01
 1.982862e+01
 1.976129e+01
 1.969464e+01
 1.962866e+01
 1.956334e+01
 1.949867e+01
 1.943463e+01
 1.937122e+01
 1.930843e+01
 1.924625e+01
 1.918466e+01
 1.912366e+01
 1.906324e+01
 1.900338e+01
 1.894409e+01
 1.888535e+01
 1.882715e+01
 1.876949e+01
 1.871235e+01
 1.865573e+01
 1.859962e+01
 1.854402e+01
 1.848891e+01
 1.843429e+01
 1.838015e+01
 1.832649e+01
 1.827329e+01
 1.822055e+01
 1.816827e+01
 1.811643e+01
 1.806504e+01
 1.801408e+01
 1.796355e+01
 1.791344e+01
 1.786375e+01
 1.781447e+01
 1.776560e+01
 1.771712e+01
 1.766904e+01
 1.762135e+01
 1.757405e+01
 1.752712e+01
 1.748057e+01
 1.743439e+01
 1.738857e+01
 1.734310e+01
 1.729800e+01
 1.725324e+01
 1.720883e+01
 1.716476e+01
 1.712103e+01
 1.707763e+01
 1.703456e+01
 1.699182e+01
 1.694939e+01
 1.690728e+01
 1.686548e+01
 1.682399e+01
 1.678281e+01
 1.674192e+01
 1.670134e+01
 1.666104e+01
 1.662104e+01
 1.658132e+01
 1.654189e+01
 1.650274e+01
 1.646386e+01
 1.642526e+01
 1.638693e+01
 1.634886e+01
 1.631106e+01
 1.627352e+01
 1.623624e+01
 1.619922e+01
 1.616244e+01
 1.612592e+01
 1.608964e+01
 1.605360e+01
 1.601781e+01
 1.598225e+01
 1.594693e+01
 1.591185e+01
 1.587699e+01
 1.584236e+01
 1.580796e+01
 1.577378e+01
 1.573982e+01
 1.570608e+01
 1.567256e+01
 1.563925e+01
 1.560615e+01
 1.557326e+01
 1.554057e+01
 1.550810e+01
 1.547582e+01
 1.544375e+01
 1.541187e+01
 1.538019e+01
 1.534871e+01
 1.531742e+01
 1.528631e+01
 1.525540e+01
 1.522468e+01
 1.519413e+01
 1.516378e+01
 1.513360e+01
 1.517893e+02
 1.282854e+02
 1.131371e+02
 1.023363e+02
 9.413574e+01
 8.763561e+01
 8.231932e+01
 7.786628e+01
 7.406561e+01
 7.077214e+01
 6.788225e+01
 6.531973e+01
 6.302709e+01
 6.096006e+01
 5.908392e+01
 5.737097e+01
 5.579887e+01
 5.434930e+01
 5.300713e+01
 5.175973e+01
 5.059644e+01
 4.950822e+01
 4.848732e+01
 4.752708e+01
 4.662172e+01
 4.576620e+01
 4.495612e+01
 4.418758e+01
 4.345716e+01
 4.276180e+01
 4.209878e+01
 4.146568e+01
 4.086031e+01
 4.028071e+01
 3.972508e+01
 3.919184e+01
 3.867950e+01
 3.818675e+01
 3.771236e+01
 3.725523e+01
 3.681432e+01
 3.638871e+01
 3.597752e+01
 3.557997e+01
 3.519531e+01
 3.482286e+01
 3.446199e+01
 3.411211e+01
 3.377268e+01
 3.344318e+01
 3.312315e+01
 3.281212e+01
 3.250970e+01
 3.221549e+01
 3.192913e+01
 3.165026e+01
 3.137858e+01
 3.111378e+01
 3.085557e+01
 3.060368e+01
 3.035787e+01
 3.011788e+01
 2.988349e+01
 2.965450e+01
 2.943069e+01
 2.921187e+01
 2.899786e+01
 2.878849e+01
 2.858358e+01
 2.838300e+01
 2.818657e+01
 2.799417e+01
 2.780565e+01
 2.762090e+01
 2.743977e+01
 2.726217e+01
 2.708797e+01
 2.691706e+01
 2.674935e+01
 2.658474e+01
 2.642313e+01
 2.626443e+01
 2.610856e+01
 2.595543e+01
 2.580496e+01
 2.565708e+01
 2.551171e+01
 2.536879e+01
 2.522824e+01
 2.509000e+01
 2.495401e+01
 2.482021e+01
 2.468854e+01
 2.455894e+01
 2.443136e+01
 2.430574e+01
 2.418205e+01
 2.406023e+01
 2.394022e+01
 2.382200e+01
 2.370551e+01
 2.359071e+01
 2.347757e+01
 2.336603e+01
 2.325608e+01
 2.314766e+01
 2.304074e+01
 2.293529e+01
 2.283127e+01
 2.272866e+01
 2.262742e+01
 2.252752e+01
 2.242893e+01
 2.233162e+01
 2.223557e+01
 2.214075e+01
 2.204713e+01
 2.195469e+01
 2.186340e+01
 2.177324e+01
 2.168419e+01
 2.159622e+01
 2.150931e+01
 2.142345e+01
 2.133860e+01
 2.125476e+01
 2.117189e+01
 2.108999e+01
 2.100903e+01
 2.092899e+01
 2.084987e+01
 2.077163e+01
 2.069427e+01
 2.061777e+01
 2.054210e+01
 2.046727e+01
 2.039325e+01
 2.032002e+01
 2.024758e+01
 2.017590e+01
 2.010499e+01
 2.003481e+01
 1.996537e+01
 1.989664e+01
 1.982862e+01
 1.976129e+01
 1.969464e+01
 1.962866e+01
 1.956334e+01
 1.949867e+01
 1.943463e+01
 1.937122e+01
 1.930843e+01
 1.924625e+01
 1.918466e+01
 1.912366e+01
 1.906324e+01
 1.900338e+01
 1.894409e+01
 1.888535e+01
 1.882715e+01
 1.876949e+01
 1.871235e+01
 1.865573e+01
 1.859962e+01
 1.854402e+01
 1.848891e+01
 1.843429e+01
 1.838015e+01
 1.832649e+01
 1.827329e+01
 1.822055e+01
 1.816827e+01
 1.811643e+01
 1.806504e+01
 1.801408e+01
 1.796355e+01
 1.791344e+01
 1.786375e+01
 1.781447e+01
 1.776560e+01
 1.771712e+01
 1.766904e+01
 1.762135e+01
 1.757405e+01
 1.752712e+01
 1.748057e+01
 1.743439e+01
 1.738857e+01
 1.734310e+01
 1.729800e+01
 1.725324e+01
 1.720883e+01
 1.716476e+01
 1.712103e+01
 1.707763e+01
 1.703456e+01
 1.699182e+01
 1.694939e+01
 1.690728e+01
 1.686548e+01
 1.682399e+01
 1.678281e+01
 1.674192e+01
 1.670134e+01
 1.666104e+01
 1.662104e+01
 1.658132e+01
 1.654189e+01
 1.650274e+01
 1.646386e+01
 1.642526e+01
 1.638693e+01
 1.634886e+01
 1.631106e+01
 1.627352e+01
 1.623624e+01
 1.619922e+01
 1.616244e+01
 1.612592e+01
 1.608964e+01
 1.605360e+01
 1.601781e+01
 1.598225e+01
 1.594693e+01
 1.591185e+01
 1.587699e+01
 1.584236e+01
 1.580796e+01
 1.577378e+01
 1.573982e+01
 1.570608e+01
 1.567256e+01
 1.563925e+01
 1.560615e+01
 1.557326e+01
 1.554057e+01
 1.550810e+01
 1.547582e+01
 1.544375e+01
 1.541187e+01
 1.538019e+01
 1.534871e+01
 1.531742e+01
 1.528631e+01
 1.525540e+01
 1.522468e+01
 1.519413e+01
 1.516378e+01
 1.513360e+01
 1.517893e+02
 1.282854e+02
 1.131371e+02
 1.023363e+02
 9.413574e+01
 8.763561e+01
 8.231932e+01
 7.786628e+01
 7.406561e+01
 7.077214e+01
 6.788225e+01
 6.531973e+01
 6.302709e+01
 6.096006e+01
 5.908392e+01
 5.737097e+01
 5.579887e+01
 5.434930e+01
 5.300713e+01
 5.175973e+01
 5.059644e+01
 4.950822e+01
 4.848732e+01
 4.752708e+01
 4.662172e+01
 4.576620e+01
 4.495612e+01
 4.418758e+01
 4.345716e+01
 4.276180e+01
 4.209878e+01
 4.146568e+01
 4.086031e+01
 4.028071e+01
 3.972508e+01
 3.919184e+01
 3.867950e+01
 3.818675e+01
 3.771236e+01
 3.725523e+01
 3.681432e+01
 3.638871e+01
 3.597752e+01
 3.557997e+01
 3.519531e+01
 3.482286e+01
 3.446199e+01
 3.411211e+01
 3.377268e+01
 3.344318e+01
 3.312315e+01
 3.281212e+01
 3.250970e+01
 3.221549e+01
 3.192913e+01
 3.165026e+01
 3.137858e+01
 3.111378e+01
 3.085557e+01
 3.060368e+01
 3.035787e+01
 3.011788e+01
 2.988349e+01
 2.965450e+01
 2.943069e+01
 2.921187e+01
 2.899786e+01
 2.878849e+01
 2.858358e+01
 2.838300e+01
 2.818657e+01
 2.799417e+01
 2.780565e+01
 2.762090e+01
 2.743977e+01
 2.726217e+01
 2.708797e+01
 2.691706e+01
 2.674935e+01
 2.658474e+01
 2.642313e+01
 2.626443e+01
 2.610856e+01
 2.595543e+01
 2.580496e+01
 2.565708e+01
 2.551171e+01
 2.536879e+01
 2.522824e+01
 2.509000e+01
 2.495401e+01
 2.482021e+01
 2.468854e+01
 2.455894e+01
 2.443136e+01
 2.430574e+01
 2.418205e+01
 2.406023e+01
 2.394022e+01
 2.382200e+01
 2.370551e+01
 2.359071e+01
 2.347757e+01
 2.336603e+01
 2.325608e+01
 2.314766e+01
 2.304074e+01
 2.293529e+01
 2.283127e+01
 2.272866e+01
 2.262742e+01
 2.252752e+01
 2.242893e+01
 2.233162e+01
 2.223557e+01
 2.214075e+01
 2.204713e+01
 2.195469e+01
 2.186340e+01
 2.177324e+01
 2.168419e+01
 2.159622e+01
 2.150931e+01
 2.142345e+01
 2.133860e+01
 2.125476e+01
 2.117189e+01
 2.108999e+01
 2.100903e+01
 2.092899e+01
 2.084987e+01
 2.077163e+01
 2.069427e+01
 2.061777e+01
 2.054210e+01
 2.046727e+01
 2.039325e+01
 2.032002e+01
 2.024758e+01
 2.017590e+01
 2.010499e+01
 2.003481e+01
 1.996537e+01
 1.989664e+01
 1.982862e+01
 1.976129e+01
 1.969464e+01
 1.962866e+01
 1.956334e+01
 1.949867e+01
 1.943463e+01
 1.937122e+01
 1.930843e+01
 1.924625e+01
 1.918466e+01
 1.912366e+01
 1.906324e+01
 1.900338e+01
 1.894409e+01
 1.888535e+01
 1.882715e+01
 1.876949e+01
 1.871235e+01
 1.865573e+01
 1.859962e+01
 1.854402e+01
 1.848891e+01
 1.843429e+01
 1.838015e+01
 1.832649e+01
 1.827329e+01
 1.822055e+01
 1.816827e+01
 1.811643e+01
 1.806504e+01
 1.801408e+01
 1.796355e+01
 1.791344e+01
 1.786375e+01
 1.781447e+01
 1.776560e+01
 1.771712e+01
 1.766904e+01
 1.762135e+01
 1.757405e+01
 1.752712e+01
 1.748057e+01
 1.743439e+01
 1.738857e+01
 1.734310e+01
 1.729800e+01
 1.725324e+01
 1.720883e+01
 1.716476e+01
 1.712103e+01
 1.707763e+01
 1.703456e+01
 1.699182e+01
 1.694939e+01
 1.690728e+01
 1.686548e+01
 1.682399e+01
 1.678281e+01
 1.674192e+01
 1.670134e+01
 1.666104e+01
 1.662104e+01
 1.658132e+01
 1.654189e+01
 1.650274e+01
 1.646386e+01
 1.642526e+01
 1.638693e+01
 1.634886e+01
 1.631106e+01
 1.627352e+01
 1.623624e+01
 1.619922e+01
 1.616244e+01
 1.612592e+01
 1.608964e+01
 1.605360e+01
 1.601781e+01
 1.598225e+01
 1.594693e+01
 1.591185e+01
 1.587699e+01
 1.584236e+01
 1.580796e+01
 1.577378e+01
 1.573982e+01
 1.570608e+01
 1.567256e+01
 1.563925e+01
 1.560615e+01
 1.557326e+01
 1.554057e+01
 1.550810e+01
 1.547582e+01
 1.544375e+01
 1.541187e+01
 1.538019e+01
 1.534871e+01
 1.531742e+01
 1.528631e+01
 1.525540e+01
 1.522468e+01
 1.519413e+01
 1.516378e+01
 1.513360e+01
 1.517893e+02
 1.282854e+02
 1.131371e+02
 1.023363e+02
 9.413574e+01
 8.763561e+01
 8.231932e+01
 7.786628e+01
 7.406561e+01
 7.077214e+01
 6.788225e+01
 6.531973e+01
 6.302709e+01
 6.096006e+01
 5.908392e+01
 5.737097e+01
 5.579887e+01
 5.434930e+01
 5.300713e+01
 5.175973e+01
 5.059644e+01
 4.950822e+01
 4.848732e+01
 4.752708e+01
 4.662172e+01
 4.576620e+01
 4.495612e+01
 4.418758e+01
 4.345716e+01
 4.276180e+01
 4.209878e+01
 4.146568e+01
 4.086031e+01
 4.028071e+01
 3.972508e+01
 3.919184e+01
 3.867950e+01
 3.818675e+01
 3.771236e+01
 3.725523e+01
 3.681432e+01
 3.638871e+01
 3.597752e+01
 3.557997e+01
 3.519531e+01
 3.482286e+01
 3.446199e+01
 3.411211e+01
 3.377268e+01
 3.344318e+01
 3.312315e+01
 3.281212e+01
 3.250970e+01
 3.221549e+01
 3.192913e+01
 3.165026e+01
 3.137858e+01
 3.111378e+01
 3.085557e+01
 3.060368e+01
 3.035787e+01
 3.011788e+01
 2.988349e+01
 2.965450e+01
 2.943069e+01
 2.921187e+01
 2.899786e+01
 2.878849e+01
 2.858358e+01
 2.838300e+01
 2.818657e+01
 2.799417e+01
 2.780565e+01
 2.762090e+01
 2.743977e+01
 2.726217e+01
 2.708797e+01
 2.691706e+01
 2.674935e+01
 2.658474e+01
 2.642313e+01
 2.626443e+01
 2.610856e+01
 2.595543e+01
 2.580496e+01
 2.565708e+01
 2.551171e+01
 2.536879e+01
 2.522824e+01
 2.509000e+01
 2.495401e+01
 2.482021e+01
 2.468854e+01
 2.455894e+01
 2.443136e+01
 2.430574e+01
 2.418205e+01
 2.406023e+01
 2.394022e+01
 2.382200e+01
 2.370551e+01
 2.359071e+01
 2.347757e+01
 2.336603e+01
 2.325608e+01
 2.314766e+01
 2.304074e+01
 2.293529e+01
 2.283127e+01
 2.272866e+01
 2.262742e+01
 2.252752e+01
 2.242893e+01
 2.233162e+01
 2.223557e+01
 2.214075e+01
 2.204713e+01
 2.195469e+01
 2.186340e+01
 2.177324e+01
 2.168419e+01
 2.159622e+01
 2.150931e+01
 2.142345e+01
 2.133860e+01
 2.125476e+01
 2.117189e+01
 2.108999e+01
 2.100903e+01
 2.092899e+01
 2.084987e+01
 2.077163e+01
 2.069427e+01
 2.061777e+01
 2.054210e+01
 2.046727e+01
 2.039325e+01
 2.032002e+01
 2.024758e+01
 2.017590e+01
 2.010499e+01
 2.003481e+01
 1.996537e+01
 1.989664e+01
 1.982862e+01
 1.976129e+01
 1.969464e+01
 1.962866e+01
 1.956334e+01
 1.949867e+01
 1.943463e+01
 1.937122e+01
 1.930843e+01
 1.924625e+01
 1.918466e+01
 1.912366e+01
 1.906324e+01
 1.900338e+01
 1.894409e+01
 1.888535e+01
 1.882715e+01
 1.876949e+01
 1.871235e+01
 1.865573e+01
 1.859962e+01
 1.854402e+01
 1.848891e+01
 1.843429e+01
 1.838015e+01
 1.832649e+01
 1.827329e+01
 1.822055e+01
 1.816827e+01
 1.811643e+01
 1.806504e+01
 1.801408e+01
 1.796355e+01
 1.791344e+01
 1.786375e+01
 1.781447e+01
 1.776560e+01
 1.771712e+01
 1.766904e+01
 1.762135e+01
 1.757405e+01
 1.752712e+01
 1.748057e+01
 1.743439e+01
 1.738857e+01
 1.734310e+01
 1.729800e+01
 1.725324e+01
 1.720883e+01
 1.716476e+01
 1.712103e+01
 1.707763e+01
 1.703456e+01
 1.699182e+01
 1.694939e+01
 1.690728e+01
 1.686548e+01
 1.682399e+01
 1.678281e+01
 1.674192e+01
 1.670134e+01
 1.666104e+01
 1.662104e+01
 1.658132e+01
 1.654189e+01
 1.650274e+01
 1.646386e+01
 1.642526e+01
 1.638693e+01
 1.634886e+01
 1.631106e+01
 1.627352e+01
 1.623624e+01
 1.619922e+01
 1.616244e+01
 1.612592e+01
 1.608964e+01
 1.605360e+01
 1.601781e+01
 1.598225e+01
 1.594693e+01
 1.591185e+01
 1.587699e+01
 1.584236e+01
 1.580796e+01
 1.577378e+01
 1.573982e+01
 1.570608e+01
 1.567256e+01
 1.563925e+01
 1.560615e+01
 1.557326e+01
 1.554057e+01
 1.550810e+01
 1.547582e+01
 1.544375e+01
 1.541187e+01
 1.538019e+01
 1.534871e+01
 1.531742e+01
 1.528631e+01
 1.525540e+01
 1.522468e+01
 1.519413e+01
 1.516378e+01
 1.513360e+01
 1.517893e+02
 1.282854e+02
 1.131371e+02
 1.023363e+02
 9.413574e+01
 8.763561e+01
 8.231932e+01
 7.786628e+01
 7.406561e+01
 7.077214e+01
 6.788225e+01
 6.531973e+01
 6.302709e+01
 6.096006e+01
 5.908392e+01
 5.737097e+01
 5.579887e+01
 5.434930e+01
 5.300713e+01
 5.175973e+01
 5.059644e+01
 4.950822e+01
 4.848732e+01
 4.752708e+01
 4.662172e+01
 4.576620e+01
 4.495612e+01
 4.418758e+01
 4.345716e+01
 4.276180e+01
 4.209878e+01
 4.146568e+01
 4.086031e+01
 4.028071e+01
 3.972508e+01
 3.919184e+01
 3.867950e+01
 3.818675e+01
 3.771236e+01
 3.725523e+01
 3.681432e+01
 3.638871e+01
 3.597752e+01
 3.557997e+01
 3.519531e+01
 3.482286e+01
 3.446199e+01
 3.411211e+01
 3.377268e+01
 3.344318e+01
 3.312315e+01
 3.281212e+01
 3.250970e+01
 3.221549e+01
 3.192913e+01
 3.165026e+01
 3.137858e+01
 3.111378e+01
 3.085557e+01
 3.060368e+01
 3.035787e+01
 3.011788e+01
 2.988349e+01
 2.965450e+01
 2.943069e+01
 2.921187e+01
 2.899786e+01
 2.878849e+01
 2.858358e+01
 2.838300e+01
 2.818657e+01
 2.799417e+01
 2.780565e+01
 2.762090e+01
 2.743977e+01
 2.726217e+01
 2.708797e+01
 2.691706e+01
 2.674935e+01
 2.658474e+01
 2.642313e+01
 2.626443e+01
 2.610856e+01
 2.595543e+01
 2.580496e+01
 2.565708e+01
 2.551171e+01
 2.536879e+01
 2.522824e+01
 2.509000e+01
 2.495401e+01
 2.482021e+01
 2.468854e+01
 2.455894e+01
 2.443136e+01
 2.430574e+01
 2.418205e+01
 2.406023e+01
 2.394022e+01
 2.382200e+01
 2.370551e+01
 2.359071e+01
 2.347757e+01
 2.336603e+01
 2.325608e+01
 2.314766e+01
 2.304074e+01
 2.293529e+01
 2.283127e+01
 2.272866e+01
 2.262742e+01
 2.252752e+01
 2.242893e+01
 2.233162e+01
 2.223557e+01
 2.214075e+01
 2.204713e+01
 2.195469e+01
 2.186340e+01
 2.177324e+01
 2.168419e+01
 2.159622e+01
 2.150931e+01
 2.142345e+01
 2.133860e+01
 2.125476e+01
 2.117189e+01
 2.108999e+01
 2.100903e+01
 2.092899e+01
 2.084987e+01
 2.077163e+01
 2.069427e+01
 2.061777e+01
 2.054210e+01
 2.046727e+01
 2.039325e+01
 2.032002e+01
 2.024758e+01
 2.017590e+01
 2.010499e+01
 2.003481e+01
 1.996537e+01
 1.989664e+01
 1.982862e+01
 1.976129e+01
 1.969464e+01
 1.962866e+01
 1.956334e+01
 1.949867e+01
 1.943463e+01
 1.937122e+01
 1.930843e+01
 1.924625e+01
 1.918466e+01
 1.912366e+01
 1.906324e+01
 1.900338e+01
 1.894409e+01
 1.888535e+01
 1.882715e+01
 1.876949e+01
 1.871235e+01
 1.865573e+01
 1.859962e+01
 1.854402e+01
 1.848891e+01
 1.843429e+01
 1.838015e+01
 1.832649e+01
 1.827329e+01
 1.822055e+01
 1.816827e+01
 1.811643e+01
 1.806504e+01
 1.801408e+01
 1.796355e+01
 1.791344e+01
 1.786375e+01
 1.781447e+01
 1.776560e+01
 1.771712e+01
 1.766904e+01
 1.762135e+01
 1.757405e+01
 1.752712e+01
 1.748057e+01
 1.743439e+01
 1.738857e+01
 1.734310e+01
 1.729800e+01
 1.725324e+01
 1.720883e+01
 1.716476e+01
 1.712103e+01
 1.707763e+01
 1.703456e+01
 1.699182e+01
 1.694939e+01
 1.690728e+01
 1.686548e+01
 1.682399e+01
 1.678281e+01
 1.674192e+01
 1.670134e+01
 1.666104e+01
 1.662104e+01
 1.658132e+01
 1.654189e+01
 1.650274e+01
 1.646386e+01
 1.642526e+01
 1.638693e+01
 1.634886e+01
 1.631106e+01
 1.627352e+01
 1.623624e+01
 1.619922e+01
 1.616244e+01
 1.612592e+01
 1.608964e+01
 1.605360e+01
 1.601781e+01
 1.598225e+01
 1.594693e+01
 1.591185e+01
 1.587699e+01
 1.584236e+01
 1.580796e+01
 1.577378e+01
 1.573982e+01
 1.570608e+01
 1.567256e+01
 1.563925e+01
 1.560615e+01
 1.557326e+01
 1.554057e+01
 1.550810e+01
 1.547582e+01
 1.544375e+01
 1.541187e+01
 1.538019e+01
 1.534871e+01
 1.531742e+01
 1.528631e+01
 1.525540e+01
 1.522468e+01
 1.519413e+01
 1.516378e+01
 1.513360e+01
